
0 0 0 0 0 0.99567968277238 0 0 0.999996245687288
0.0634665182543393 0.063192322762148 0.00200529835305898 0.0636915088556846 0.00199843400567347 0.985454733626801 0.0634237650408552 0.00201331733967128 0.997986606203487
0.126933036508679 0.126384645524296 0.00802119341223592 0.126734075789772 0.00796627863315182 0.975229784481221 0.126592440439744 0.00804517453297594 0.991957687752087
0.190399554763018 0.188821592302072 0.0180366218505229 0.189128595863173 0.0179236734889092 0.965234007192153 0.189251044811759 0.0180712878955594 0.981920577610321
0.253866073017357 0.250377267098079 0.0319738330642252 0.250881359365073 0.0318403979691225 0.955141468452558 0.251147601406567 0.0320512606388896 0.96795319469875
0.317332591271696 0.311932941894087 0.0498177686360266 0.311993584572823 0.0496044312711713 0.945048929712962 0.312033455361736 0.0499288336281234 0.95007063003361
0.380799109526036 0.370506240435035 0.0714810680872962 0.371926555138663 0.0712421084410058 0.891277540836773 0.371661833405571 0.0716320009519719 0.928360433214147
0.444265627780375 0.428831007621394 0.0968466441098696 0.429958241513163 0.0964802211611052 0.86126131606996 0.429794582905219 0.0970733578981843 0.902939945022684
0.507732146034714 0.485332125406528 0.125891632211061 0.486090400568177 0.125337805806543 0.83318208635866 0.486196443680804 0.126150511876096 0.873832079449654
0.571198664289053 0.538915404149701 0.158394344476832 0.540377791961455 0.157790215900775 0.804337067904483 0.540639898521667 0.158746309297073 0.841259004325822
0.634665182543393 0.592498682892875 0.194297800881085 0.592834490464463 0.193482494851388 0.775492049450306 0.592907903379276 0.194729553107838 0.805277823029377
0.698131700797732 0.640895658606591 0.233462742864017 0.64304246118014 0.232574050509433 0.707725623648437 0.642786655859006 0.23395534468866 0.766028095591275
0.761598219052071 0.688349670133132 0.275644029324495 0.6902658244963 0.274574983896331 0.660481394448078 0.690078307753277 0.276265683460092 0.723755493801548
0.82506473730641 0.73353958898622 0.32081494989238 0.734500200322402 0.319425811412371 0.61819166494852 0.734591429755528 0.321490296167669 0.678486785853754
0.88853125556075 0.773635299324036 0.368642521173092 0.77588776728474 0.367188036247609 0.574089313607205 0.776145101331733 0.369446978853182 0.630555675995032
0.951997773815089 0.813731009661853 0.41901482758588 0.814476311560615 0.417262692229137 0.529986962265891 0.814575824693801 0.419942683101095 0.580074322084382
1.01546429206943 0.847367674595695 0.471774202544961 0.849964773105668 0.469883254177675 0.45320117779027 0.849724316067398 0.472774101454818 0.527200732028997
1.07893081032377 0.879066625908344 0.526559589568889 0.881663724418318 0.52446344128973 0.393065444156654 0.881452291782079 0.527728406780417 0.47229674393635
1.14239732857811 0.908638405248654 0.58334122125739 0.909555942012096 0.580807837900929 0.341692094782262 0.90963179887088 0.584584446405355 0.415392189648089
1.20586384683245 0.931119611347832 0.641722739129334 0.933892611344011 0.639121848786382 0.287397950654795 0.934146210906482 0.64311317091052 0.356884285694215
1.26933036508679 0.95360081744701 0.701531060878551 0.954783420386557 0.698593498312238 0.233103806527328 0.95490195483329 0.703078944972745 0.296946489074727
1.33279688334112 0.969297410485922 0.762617134123589 0.972029586297492 0.75947297786136 0.153172926367459 0.971810468107254 0.764240363242522 0.235728174844195
1.39626340159546 0.981978619942493 0.824537482025809 0.985039668768419 0.821189150630196 0.0858090736744533 0.984806392297241 0.826351022672748 0.173673779893381
1.4597299198498 0.993101608890388 0.887255054844849 0.993781156142861 0.883386025767526 0.0312421942750016 0.993838369671553 0.889160969224627 0.11082043416905
1.52319643810414 0.995654385040561 0.950364764140971 0.998613703720685 0.946435679789408 -0.0271291906982095 0.998865603302367 0.952417190442301 0.0475741030586871
1.58666295635848 0.998207161190734 1.01363648925123 0.999741622728576 1.00937605745993 -0.0855005756714204 0.999873660085414 1.01586498559561 -0.0158345946025611
1.65012947461282 0.99448636880689 1.07694771892889 0.997046984330548 1.072427177061 -0.162366128561074 0.996853833579921 1.07924896012453 -0.0792828823518963
1.71359599286716 0.986844596089287 1.13982180785462 0.990070971649095 1.13511898017705 -0.230550745489948 0.989819935413941 1.14231374405561 -0.142293083013742
1.7770625111215 0.978433851758727 1.20220902299764 0.978769822717808 1.196950382571 -0.282217783217719 0.978802426102789 1.20480553475259 -0.204815355893733
1.84052902937584 0.960795448072694 1.26374708887619 0.963588206670057 1.25844158247686 -0.338132198454345 0.963840544260673 1.26647262851204 -0.266486641245149
1.90399554763018 0.943157044386661 1.32416570668523 0.94485789736701 1.31857078624599 -0.394046613690971 0.945000201299564 1.32706669093798 -0.327036055111888
1.96746206588452 0.92038182231248 1.38337710289221 0.922518177727913 1.37749792005554 -0.461890229458883 0.922353600526794 1.38634383761647 -0.386375633946605
2.03092858413886 0.89320361304846 1.44092807946177 0.89625554935622 1.43490263148492 -0.524403776904306 0.895992308097038 1.44406523927711 -0.444051198617084
2.0943951023932 0.866025403784438 1.49675414971697 0.866025403784438 1.49019504505715 -0.586917324349728 0.866025403784438 1.49999858342752 -0.499998122843644
2.15786162064753 0.830011290286312 1.5505749216191 0.832314447453767 1.54398414606323 -0.614626717972704 0.832568543056183 1.55391861023827 -0.553935407586403
2.22132813890187 0.793997176788184 1.6021100031295 0.795609386805403 1.59529753130123 -0.66180284169976 0.79576116008705 1.6056081547056 -0.605582053805482
2.28479465715621 0.754335452084589 1.65130597089819 0.755884817171439 1.64422545391338 -0.715483589673903 0.755749156487805 1.65485918802151 -0.654884522498433
2.34826117541055 0.710418180974614 1.69778737749352 0.712962200191293 1.69060346942915 -0.766417940743721 0.712692942854106 1.70147327770411 -0.701466553453601
2.41172769366489 0.66650090986464 1.74148150780027 0.666806957289202 1.73389435429253 -0.817352291813538 0.666768970741053 1.74526279847433 -0.745255274139877
2.47519421191923 0.616338355654252 1.78220542349202 0.617902503249718 1.77455149369926 -0.82909161563755 0.61815810200837 1.78605142184746 -0.786067350200405
2.53866073017357 0.565655361185497 1.81971393639518 0.566896748166026 1.81191963530473 -0.862147533226824 0.567059250674702 1.82367484883234 -0.823657062670787
2.60212724842791 0.512875035784206 1.85398017797165 0.513785618416351 1.84597938566421 -0.897821362762617 0.51367721640461 1.85798166938334 -0.857997484847093
2.66559376668225 0.45673898089086 1.88474919081613 0.458495104538567 1.87668799262165 -0.932460203854437 0.4582257047807 1.88883366711567 -0.888833107384509
2.72906028493659 0.400602925997513 1.911955443708 0.40100618402032 1.903640650867 -0.967099044946258 0.400930466292277 1.91610664452258 -0.916098257198426
2.79252680319093 0.341082961335903 1.93550807454411 0.341764894060134 1.92712212563433 -0.960209306443545 0.342019736438235 1.93969079949364 -0.939701875484655
2.85599332144527 0.28094774035279 1.95524713598585 0.281556407577723 1.94680389784776 -0.975216455363404 0.281732160353977 1.95949112015243 -0.959483668645742
2.91945983969961 0.22006122846079 1.97116228866301 0.220394576961944 1.96261734750661 -0.990692137206429 0.220310525077762 1.97542792571463 -0.97543327492848
2.98292635795395 0.157484312023796 1.98314303913151 0.158265956785121 1.97457542164512 -1.00599640456537 0.158001109574749 1.98743701709135 -0.987439961689248
3.04639287620828 0.0949073955868013 1.99115225059067 0.0951660280445927 1.98248134333307 -1.02130067192431 0.0950559741770787 1.9954700373486 -0.995466511732472
3.10985939446262 0.0316989513126496 1.99517450732009 0.0314781574635854 1.98646336842534 -0.994986196114728 0.0317279757146804 1.99949465861981 -0.999497475965348
3.17332591271696 -0.0316989513126498 1.99517450732009 -0.031919745161714 1.98648081361589 -0.989873721541941 -0.0317279757146806 1.99949465861981 -0.999497475965348
3.2367924309713 -0.0949073955868015 1.99115225059067 -0.0949932328583687 1.98249573250612 -0.984810981508286 -0.0950559741770789 1.9954700373486 -0.995466511732472
3.30025894922564 -0.157484312023796 1.98314303913151 -0.157743731333422 1.97449283645116 -0.979731663294921 -0.158001109574749 1.98743701709135 -0.987439961689248
3.36372546747998 -0.22006122846079 1.97116228866301 -0.220171863166366 1.96254358229563 -0.974652345081556 -0.220310525077762 1.97542792571463 -0.97543327492848
3.42719198573432 -0.28094774035279 1.95524713598585 -0.281971116024661 1.94665197369281 -0.93004257408144 -0.281732160353977 1.95949112015243 -0.959483668645742
3.49065850398866 -0.341082961335903 1.93550807454411 -0.342229521116425 1.9269893889783 -0.904810476016006 -0.342019736438234 1.93969079949364 -0.939701875484655
3.554125022243 -0.400602925997513 1.911955443708 -0.400887147336477 1.90363179916745 -0.88074274819711 -0.400930466292277 1.91610664452258 -0.916098257198426
3.61759154049734 -0.45673898089086 1.88474919081613 -0.457976718979894 1.87645066445595 -0.856328856250865 -0.4582257047807 1.88883366711567 -0.88883310738451
3.68105805875168 -0.512875035784206 1.85398017797165 -0.513516825904447 1.84582023801975 -0.83191496430462 -0.51367721640461 1.85798166938334 -0.857997484847094
3.74452457700602 -0.565655361185497 1.81971393639518 -0.567280737468746 1.81166509736964 -0.771944081410619 -0.567059250674702 1.82367484883234 -0.823657062670787
3.80799109526036 -0.616338355654252 1.78220542349202 -0.618386329771146 1.77427229220515 -0.728663214675768 -0.61815810200837 1.78605142184746 -0.786067350200404
3.87145761351469 -0.666500909864639 1.74148150780027 -0.666745519000767 1.73390118580243 -0.688843935185969 -0.666768970741053 1.74526279847433 -0.745255274139877
3.93492413176903 -0.710418180974614 1.69778737749352 -0.712451494418675 1.69024117703144 -0.648134533261728 -0.712692942854107 1.70147327770411 -0.701466553453602
3.99839065002337 -0.754335452084589 1.65130597089819 -0.755573785836235 1.64397048304793 -0.607425131337487 -0.755749156487805 1.65485918802151 -0.654884522498434
4.06185716827771 -0.793997176788184 1.6021100031295 -0.795958817070879 1.59498272303543 -0.536542324237307 -0.79576116008705 1.6056081547056 -0.605582053805483
4.12532368653205 -0.830011290286311 1.5505749216191 -0.832813633547303 1.5435819448291 -0.479141251364675 -0.832568543056183 1.55391861023827 -0.553935407586404
4.18879020478639 -0.866025403784439 1.49675414971697 -0.866025403784439 1.49025118617048 -0.421740178492041 -0.866025403784439 1.49999858342752 -0.499998122843644
4.25225672304073 -0.89320361304846 1.44092807946177 -0.895756363262683 1.43446021898504 -0.375940490226887 -0.895992308097038 1.44406523927711 -0.444051198617085
4.31572324129507 -0.92038182231248 1.3833771028922 -0.922168747462437 1.37715496390371 -0.323651891927041 -0.922353600526794 1.38634383761647 -0.386375633946605
4.37918975954941 -0.943157044386661 1.32416570668523 -0.945168928702213 1.3182413001492 -0.247390813869269 -0.945000201299564 1.32706669093798 -0.327036055111888
4.44265627780375 -0.960795448072694 1.26374708887619 -0.964098912442675 1.25795693790918 -0.181251449487065 -0.963840544260674 1.26647262851204 -0.266486641245148
4.50612279605809 -0.978433851758727 1.20220902299764 -0.978831261006243 1.19694249502287 -0.115112085104862 -0.978802426102789 1.20480553475259 -0.204815355893732
4.56958931431243 -0.986844596089287 1.13982180785462 -0.989587145127668 1.13464992958981 -0.066905132497185 -0.989819935413941 1.14231374405561 -0.142293083013742
4.63305583256677 -0.99448636880689 1.07694771892889 -0.996662995027828 1.07202196524247 -0.00894546471388842 -0.996853833579921 1.07924896012453 -0.0792828823518968
4.69652235082111 -0.998207161190734 1.01363648925123 -1.00001041524048 1.0090730939197 0.0666056127781062 -0.999873660085413 1.01586498559561 -0.0158345946025609
4.75998886907544 -0.995654385040561 0.950364764140971 -0.999132089279358 0.945920992396142 0.135201946896894 -0.998865603302368 0.952417190442301 0.0475741030586871
4.82345538732978 -0.993101608890388 0.887255054844849 -0.993900192826705 0.883313484171278 0.203798281015682 -0.993838369671553 0.889160969224627 0.110820434169049
4.88692190558412 -0.981978619942493 0.82453748202581 -0.984575041712127 0.820747975783374 0.248157742771978 -0.984806392297241 0.826351022672748 0.17367377989338
4.95038842383846 -0.969297410485922 0.762617134123589 -0.971614877850554 0.759045753503058 0.305296646319407 -0.971810468107254 0.764240363242522 0.235728174844195
5.0138549420928 -0.95360081744701 0.701531060878551 -0.955006134182135 0.698347031176712 0.374073541357229 -0.95490195483329 0.703078944972745 0.296946489074726
5.07732146034714 -0.931119611347832 0.641722739129334 -0.934414836795711 0.63863430735555 0.438592634630274 -0.934146210906482 0.64311317091052 0.356884285694215
5.14078797860148 -0.908638405248654 0.58334122125739 -0.90972873719832 0.580688234201475 0.503111727903319 -0.90963179887088 0.584584446405355 0.41539218964809
5.20425449685582 -0.879066625908344 0.526559589568889 -0.881222136720189 0.524098046415382 0.537852345576158 -0.881452291782079 0.527728406780416 0.47229674393635
5.26772101511016 -0.847367674595695 0.471774202544961 -0.84952318540754 0.469482968922238 0.587763130064196 -0.849724316067399 0.472774101454818 0.527200732028997
5.3311875333645 -0.813731009661853 0.419014827585881 -0.814649106746839 0.417086561886904 0.644298688550515 -0.814575824693802 0.419942683101095 0.580074322084382
5.39465405161884 -0.773635299324036 0.368642521173092 -0.776409992736439 0.366781803685787 0.698625989037407 -0.776145101331733 0.369446978853181 0.630555675995033
5.45812056987318 -0.73353958898622 0.32081494989238 -0.73472291411798 0.319291110227501 0.752953289524299 -0.734591429755528 0.321490296167669 0.678486785853754
5.52158708812752 -0.688349670133132 0.275644029324495 -0.689851116049362 0.274320140822934 0.773330242240511 -0.690078307753277 0.276265683460091 0.723755493801547
5.58505360638185 -0.640895658606591 0.233462742864018 -0.642577834123848 0.232251057215185 0.810349522295292 -0.642786655859007 0.23395534468866 0.766028095591274
5.64852012463619 -0.592498682892875 0.194297800881084 -0.592953527148306 0.193372277676995 0.850287088471769 -0.592907903379276 0.194729553107837 0.805277823029377
5.71198664289053 -0.538915404149701 0.158394344476832 -0.540896177520127 0.157509018325115 0.889357056071524 -0.540639898521667 0.158746309297073 0.841259004325823
5.77545316114487 -0.485332125406528 0.125891632211061 -0.486359193080082 0.125228088251775 0.92842702367128 -0.486196443680804 0.126150511876096 0.873832079449654
5.83891967939921 -0.428831007621394 0.0968466441098696 -0.429574252210442 0.0963531569458613 0.931164071773053 -0.42979458290522 0.0970733578981842 0.902939945022684
5.90238619765355 -0.370506240435034 0.0714810680872961 -0.371442728617235 0.0710404912256966 0.950955347394287 -0.37166183340557 0.0716320009519715 0.928360433214147
5.96585271590789 -0.311932941894087 0.0498177686360265 -0.312055022861259 0.0495385233030752 0.971454985678518 -0.312033455361737 0.0499288336281231 0.95007063003361
6.02931923416223 -0.25037726709808 0.0319738330642252 -0.251392065137691 0.0317116173081442 0.991772473563692 -0.251147601406567 0.0320512606388894 0.96795319469875
6.09278575241657 -0.188821592302071 0.0180366218505227 -0.189439627198376 0.0178795697847826 1.01208996144887 -0.189251044811758 0.018071287895559 0.981920577610321
6.15625227067091 -0.126384645524296 0.00802119341223583 -0.126384645524296 0.00796505229890142 0.99567968277238 -0.126592440439744 0.00804517453297562 0.991957687752088
6.21971878892525 -0.063192322762148 0.00200529835305892 -0.063192322762148 0.0019491572397245 0.99567968277238 -0.0634237650408552 0.00201331733967099 0.997986606203488
6.28318530717959 -2.4980018054066E-16 -6.59194920871187E-17 -2.4980018054066E-16 -5.61411133344816E-05 0.99567968277238 -2.45897052719712E-16 -2.88970372153488E-16 0.999996245687288
