Symmetric matrix A:
      7.12       3.28      0.365       7.56      0.871 
      3.28       6.42       6.18       8.79       4.13 
     0.365       6.18       1.44       8.06       9.75 
      7.56       8.79       8.06       4.59      0.115 
     0.871       4.13       9.75      0.115       1.38 
Number of sweeps: 4
Eigenvectors
     0.352     -0.692      0.554     -0.189      0.234 
     0.536      0.074     -0.547     -0.095      0.632 
     0.455      0.425      0.178      -0.66     -0.381 
     0.542     -0.263     -0.264      0.471     -0.587 
     0.297      0.516      0.541      0.545      0.238 
Eigenvalues        25       8.77       1.25      -11.4       -2.7 
V^T*A*V diagonal, test
        25   2.51e-08  -5.34e-11   1.69e-13   3.18e-14 
  2.51e-08       8.77  -1.64e-10   4.44e-16  -2.22e-16 
 -5.34e-11  -1.64e-10       1.25  -2.16e-15   1.94e-16 
  1.68e-13  -4.44e-16  -3.11e-15      -11.4  -1.55e-15 
  3.38e-14  -3.33e-16   6.11e-16  -5.55e-16       -2.7 
