0 0
0.0163934426229508 0.00932133497728267
0.0327868852459016 0.0186179512301997
0.0491803278688525 0.0278651961799135
0.0655737704918033 0.037038547611249
0.0819672131147541 0.0461136798317038
0.0983606557377049 0.0550665266591256
0.114754098360656 0.0638733467442323
0.131147540983607 0.072510786234015
0.147540983606557 0.0809559401589833
0.163934426229508 0.0891864135040877
0.180327868852459 0.0971803805541802
0.19672131147541 0.104916642678266
0.213114754098361 0.112374684859059
0.229508196721311 0.119534729665466
0.245901639344262 0.126377789664097
0.262295081967213 0.132885718448695
0.278688524590164 0.139041258136756
0.295081967213115 0.144828085356926
0.311475409836066 0.150230854662082
0.327868852459016 0.155235238824119
0.344262295081967 0.159827966970214
0.360655737704918 0.163996860054487
0.377049180327869 0.167730863099553
0.39344262295082 0.171020074169826
0.409836065573771 0.173855770407529
0.426229508196721 0.176230432229631
0.442622950819672 0.178137762900371
0.459016393442623 0.179572704257899
0.475409836065574 0.180531451135519
0.491803278688525 0.181011460918659
0.508196721311475 0.1810114610314
0.524590163934426 0.180531451313314
0.540983606557377 0.179572704475745
0.557377049180328 0.178137763133075
0.573770491803279 0.176230432369147
0.59016393442623 0.173855770066128
0.60655737704918 0.171020073789812
0.622950819672131 0.167730862914403
0.639344262295082 0.163996860086267
0.655737704918033 0.159827967151521
0.672131147540984 0.155235238991764
0.688524590163934 0.150230854985123
0.704918032786885 0.144828085499567
0.721311475409836 0.139041257981453
0.737704918032787 0.132885718199444
0.754098360655738 0.126377789378366
0.770491803278688 0.119534729522736
0.786885245901639 0.112374684930019
0.80327868852459 0.104916642903163
0.819672131147541 0.0971803807398234
0.836065573770492 0.0891864136111772
0.852459016393443 0.0809559403094888
0.868852459016393 0.0725107862253885
0.885245901639344 0.0638733464840835
0.901639344262295 0.0550665263115064
0.918032786885246 0.0461136795870122
0.934426229508197 0.0370385477875193
0.950819672131147 0.0278651963981701
0.967213114754098 0.0186179515756755
0.983606557377049 0.00932133512357793
1 0

 
0 0
0.0163934426229508 0.0186179510516414
0.0327868852459016 0.0370385478502025
0.0491803278688525 0.0550665267061146
0.0655737704918033 0.0725107860977082
0.0819672131147541 0.0891864130398133
0.0983606557377049 0.104916642166338
0.114754098360656 0.119534729137984
0.131147540983607 0.132885717964504
0.147540983606557 0.144828085363513
0.163934426229508 0.155235238967684
0.180327868852459 0.163996860646222
0.19672131147541 0.171020074673763
0.213114754098361 0.176230433235285
0.229508196721311 0.179572705179069
0.245901639344262 0.181011461969769
0.262295081967213 0.180531452113282
0.278688524590164 0.178137763819003
0.295081967213115 0.173855771088493
0.311475409836066 0.167730863895483
0.327868852459016 0.15982796788754
0.344262295081967 0.150230855423628
0.360655737704918 0.139041258578213
0.377049180327869 0.126377789573393
0.39344262295082 0.112374684650553
0.409836065573771 0.0971803799721848
0.426229508196721 0.0809559392746348
0.442622950819672 0.0638733454386318
0.459016393442623 0.0461136785903224
0.475409836065574 0.0278651951216149
0.491803278688525 0.00932133381395886
0.508196721311475 -0.00932133605022665
0.524590163934426 -0.027865197524628
0.540983606557377 -0.0461136807634554
0.557377049180328 -0.0638733475301708
0.573770491803279 -0.0809559408566527
0.59016393442623 -0.0971803812404305
0.60655737704918 -0.112374685335635
0.622950819672131 -0.126377789794693
0.639344262295082 -0.139041258139189
0.655737704918033 -0.15023085472313
0.672131147540984 -0.159827966551502
0.688524590163934 -0.167730862280681
0.704918032786885 -0.173855768692244
0.721311475409836 -0.178137761072823
0.737704918032787 -0.180531449458595
0.754098360655738 -0.181011459663764
0.770491803278688 -0.179572703346329
0.786885245901639 -0.176230431844211
0.80327868852459 -0.171020074145374
0.819672131147541 -0.163996860500641
0.836065573770492 -0.155235239158614
0.852459016393443 -0.14482808589099
0.868852459016393 -0.132885718930634
0.885245901639344 -0.119534729692988
0.901639344262295 -0.104916642773531
0.918032786885246 -0.089186413363105
0.934426229508197 -0.0725107861144935
0.950819672131147 -0.0550665262467832
0.967213114754098 -0.0370385475795466
0.983606557377049 -0.0186179511245139
1 0

 
0 0
0.0163934426229508 -0.0278651962594398
0.0327868852459016 -0.0550665262476497
0.0491803278688525 -0.08095593986474
0.0655737704918033 -0.104916642313518
0.0819672131147541 -0.126377789142683
0.0983606557377049 -0.144828084826257
0.114754098360656 -0.159827966536536
0.131147540983607 -0.171020073210698
0.147540983606557 -0.178137762381097
0.163934426229508 -0.181011460307661
0.180327868852459 -0.179572703707871
0.19672131147541 -0.173855769496882
0.213114754098361 -0.163996859571412
0.229508196721311 -0.150230854099706
0.245901639344262 -0.13288571771455
0.262295081967213 -0.112374684332114
0.278688524590164 -0.089186412997334
0.295081967213115 -0.0638733462562511
0.311475409836066 -0.0370385473488152
0.327868852459016 -0.00932133460740686
0.344262295081967 0.0186179517116357
0.360655737704918 0.0461136799440824
0.377049180327869 0.0725107865026364
0.39344262295082 0.097180380688725
0.409836065573771 0.119534729710786
0.426229508196721 0.1390412580678
0.442622950819672 0.155235238923076
0.459016393442623 0.167730863043291
0.475409836065574 0.176230432235658
0.491803278688525 0.180531451052019
0.508196721311475 0.180531451029657
0.524590163934426 0.17623043217653
0.540983606557377 0.167730862947687
0.557377049180328 0.155235238812151
0.573770491803279 0.139041257905952
0.59016393442623 0.11953472948048
0.60655737704918 0.0971803803768093
0.622950819672131 0.0725107861202384
0.639344262295082 0.0461136794937613
0.655737704918033 0.0186179511888614
0.672131147540984 -0.00932133517353132
0.688524590163934 -0.0370385479565469
0.704918032786885 -0.063873346867656
0.721311475409836 -0.0891864136652792
0.737704918032787 -0.112374685160524
0.754098360655738 -0.132885718704132
0.770491803278688 -0.150230855235852
0.786885245901639 -0.163996860888124
0.80327868852459 -0.173855770986167
0.819672131147541 -0.179572705256751
0.836065573770492 -0.181011461850215
0.852459016393443 -0.178137763938516
0.868852459016393 -0.171020074742734
0.885245901639344 -0.159827967957642
0.901639344262295 -0.144828086083851
0.918032786885246 -0.126377790240138
0.934426229508197 -0.104916643296746
0.950819672131147 -0.080955940658411
0.967213114754098 -0.0550665267639331
0.983606557377049 -0.0278651964670058
1 0

 
0 0
0.0163934426229508 -0.0370385479210536
0.0327868852459016 -0.0725107859500284
0.0491803278688525 -0.104916642196696
0.0655737704918033 -0.132885717882385
0.0819672131147541 -0.155235238614443
0.0983606557377049 -0.171020073756449
0.114754098360656 -0.179572704031205
0.131147540983607 -0.180531451149506
0.147540983606557 -0.173855770342599
0.163934426229508 -0.159827967449977
0.180327868852459 -0.139041258519553
0.19672131147541 -0.11237468543096
0.213114754098361 -0.0809559407994741
0.229508196721311 -0.0461136804844853
0.245901639344262 -0.00932133558793578
0.262295081967213 0.0278651957393882
0.278688524590164 0.0638733460048238
0.295081967213115 0.0971803801559354
0.311475409836066 0.126377789104986
0.327868852459016 0.150230854712286
0.344262295081967 0.167730863107864
0.360655737704918 0.178137763376883
0.377049180327869 0.181011461463032
0.39344262295082 0.176230433081399
0.409836065573771 0.16399686086704
0.426229508196721 0.144828086292005
0.442622950819672 0.119534730143732
0.459016393442623 0.0891864142918455
0.475409836065574 0.0550665269504072
0.491803278688525 0.0186179517833178
0.508196721311475 -0.0186179511187047
0.524590163934426 -0.0550665264266851
0.540983606557377 -0.0891864135777189
0.557377049180328 -0.119534729592491
0.573770491803279 -0.144828085570645
0.59016393442623 -0.163996860527072
0.60655737704918 -0.17623043280354
0.622950819672131 -0.181011461666596
0.639344262295082 -0.178137763568165
0.655737704918033 -0.167730863709554
0.672131147540984 -0.150230854999367
0.688524590163934 -0.126377789405696
0.704918032786885 -0.0971803798145049
0.721311475409836 -0.0638733454718179
0.737704918032787 -0.0278651952756335
0.754098360655738 0.0093213356979122
0.770491803278688 0.0461136801211297
0.786885245901639 0.0809559401223897
0.80327868852459 0.112374684144057
0.819672131147541 0.139041257308466
0.836065573770492 0.15982796626146
0.852459016393443 0.173855769496344
0.868852459016393 0.180531450254446
0.885245901639344 0.179572703853183
0.901639344262295 0.171020073513092
0.918032786885246 0.155235238670396
0.934426229508197 0.132885717916915
0.950819672131147 0.104916642539883
0.967213114754098 0.0725107860208922
0.983606557377049 0.037038547810705
1 0

 
