V test
   0.00932     0.0186    -0.0279     -0.037    -0.0461     0.0551     0.0639     0.0725     -0.081     0.0892    -0.0972      0.105     -0.112      -0.12     -0.126      0.133     -0.139     -0.145      -0.15      0.155      -0.16      0.164      0.168      0.171     -0.174      0.176     -0.178       0.18     -0.181     -0.181      0.181     -0.181       0.18     -0.178     -0.176     -0.174      0.171     -0.168     -0.164       0.16     -0.155      -0.15     -0.145     -0.139      0.133      0.126      -0.12      0.112      0.105     0.0972     0.0892     -0.081    -0.0725    -0.0639    -0.0551    -0.0461      0.037    -0.0279    -0.0186    0.00932 
    0.0186      0.037    -0.0551    -0.0725    -0.0892      0.105       0.12      0.133     -0.145      0.155     -0.164      0.171     -0.176      -0.18     -0.181      0.181     -0.178     -0.174     -0.168       0.16      -0.15      0.139      0.126      0.112    -0.0972      0.081    -0.0639     0.0461    -0.0279   -0.00932   -0.00932     0.0279    -0.0461     0.0639      0.081     0.0972     -0.112      0.126      0.139      -0.15       0.16      0.168      0.174      0.178     -0.181     -0.181       0.18     -0.176     -0.171     -0.164     -0.155      0.145      0.133       0.12      0.105     0.0892    -0.0725     0.0551      0.037    -0.0186 
    0.0279     0.0551     -0.081     -0.105     -0.126      0.145       0.16      0.171     -0.178      0.181      -0.18      0.174     -0.164      -0.15     -0.133      0.112    -0.0892    -0.0639     -0.037    0.00932     0.0186    -0.0461    -0.0725    -0.0972       0.12     -0.139      0.155     -0.168      0.176      0.181     -0.181      0.176     -0.168      0.155      0.139       0.12    -0.0972     0.0725     0.0461    -0.0186   -0.00932     -0.037    -0.0639    -0.0892      0.112      0.133      -0.15      0.164      0.174       0.18      0.181     -0.178     -0.171      -0.16     -0.145     -0.126      0.105     -0.081    -0.0551     0.0279 
     0.037     0.0725     -0.105     -0.133     -0.155      0.171       0.18      0.181     -0.174       0.16     -0.139      0.112     -0.081    -0.0461   -0.00932    -0.0279     0.0639     0.0972      0.126      -0.15      0.168     -0.178     -0.181     -0.176      0.164     -0.145       0.12    -0.0892     0.0551     0.0186     0.0186    -0.0551     0.0892      -0.12     -0.145     -0.164      0.176     -0.181     -0.178      0.168      -0.15     -0.126    -0.0972    -0.0639     0.0279   -0.00932     0.0461     -0.081     -0.112     -0.139      -0.16      0.174      0.181       0.18      0.171      0.155     -0.133      0.105     0.0725     -0.037 
    0.0461     0.0892     -0.126     -0.155     -0.174      0.181      0.176       0.16     -0.133     0.0972    -0.0551    0.00932      0.037      0.081       0.12      -0.15      0.171      0.181      0.178     -0.164      0.139     -0.105    -0.0639    -0.0186    -0.0279     0.0725     -0.112      0.145     -0.168      -0.18       0.18     -0.168      0.145     -0.112    -0.0725    -0.0279    -0.0186     0.0639      0.105     -0.139      0.164      0.178      0.181      0.171      -0.15      -0.12      0.081     -0.037    0.00932     0.0551     0.0972     -0.133      -0.16     -0.176     -0.181     -0.174      0.155     -0.126    -0.0892     0.0461 
    0.0551      0.105     -0.145     -0.171     -0.181      0.174       0.15      0.112    -0.0639    0.00932     0.0461    -0.0972      0.139      0.168      0.181     -0.176      0.155       0.12     0.0725    -0.0186     -0.037     0.0892      0.133      0.164      -0.18      0.178      -0.16      0.126     -0.081    -0.0279    -0.0279      0.081     -0.126       0.16      0.178       0.18     -0.164      0.133     0.0892     -0.037    -0.0186    -0.0725      -0.12     -0.155      0.176      0.181     -0.168      0.139     0.0972     0.0461   -0.00932     0.0639      0.112       0.15      0.174      0.181     -0.171      0.145      0.105    -0.0551 
    0.0639       0.12      -0.16      -0.18     -0.176       0.15      0.105     0.0461     0.0186     -0.081      0.133     -0.168      0.181      0.171      0.139    -0.0892     0.0279     -0.037    -0.0972      0.145     -0.174      0.181      0.164      0.126    -0.0725    0.00932     0.0551     -0.112      0.155      0.178     -0.178      0.155     -0.112     0.0551   -0.00932    -0.0725      0.126     -0.164     -0.181      0.174     -0.145    -0.0972     -0.037     0.0279    -0.0892     -0.139      0.171     -0.181     -0.168     -0.133     -0.081     0.0186    -0.0461     -0.105      -0.15     -0.176       0.18      -0.16      -0.12     0.0639 
    0.0725      0.133     -0.171     -0.181      -0.16      0.112     0.0461    -0.0279     0.0972      -0.15      0.178     -0.176      0.145     0.0892     0.0186     0.0551      -0.12     -0.164     -0.181      0.168     -0.126     0.0639   -0.00932     -0.081      0.139     -0.174       0.18     -0.155      0.105      0.037      0.037     -0.105      0.155      -0.18     -0.174     -0.139      0.081   -0.00932     0.0639     -0.126      0.168      0.181      0.164       0.12    -0.0551     0.0186    -0.0892      0.145      0.176      0.178       0.15    -0.0972    -0.0279     0.0461      0.112       0.16     -0.181      0.171      0.133    -0.0725 
     0.081      0.145     -0.178     -0.174     -0.133     0.0639    -0.0186    -0.0972      0.155     -0.181      0.168      -0.12     0.0461     -0.037     -0.112      0.164     -0.181      -0.16     -0.105     0.0279     0.0551     -0.126     -0.171      -0.18       0.15    -0.0892    0.00932     0.0725     -0.139     -0.176      0.176     -0.139     0.0725    0.00932     0.0892       0.15      -0.18      0.171      0.126    -0.0551    -0.0279     -0.105      -0.16     -0.181      0.164      0.112     -0.037    -0.0461      -0.12     -0.168     -0.181      0.155     0.0972     0.0186    -0.0639     -0.133      0.174     -0.178     -0.145      0.081 
    0.0892      0.155     -0.181      -0.16    -0.0972    0.00932     -0.081      -0.15      0.181     -0.164      0.105    -0.0186    -0.0725     -0.145      -0.18      0.168     -0.112    -0.0279     0.0639     -0.139      0.178     -0.171      -0.12     -0.037    -0.0551      0.133     -0.176      0.174     -0.126    -0.0461    -0.0461      0.126     -0.174      0.176      0.133     0.0551      0.037      -0.12     -0.171      0.178     -0.139    -0.0639     0.0279      0.112     -0.168      -0.18      0.145    -0.0725     0.0186      0.105      0.164     -0.181      -0.15     -0.081    0.00932     0.0972      -0.16      0.181      0.155    -0.0892 
    0.0972      0.164      -0.18     -0.139    -0.0551    -0.0461     -0.133     -0.178      0.168     -0.105    0.00932     0.0892      -0.16     -0.181     -0.145     0.0639      0.037      0.126      0.176     -0.171      0.112    -0.0186      0.081      0.155     -0.181       0.15    -0.0725    -0.0279       0.12      0.174     -0.174       0.12    -0.0279    -0.0725      -0.15     -0.181      0.155     -0.081     0.0186     -0.112      0.171      0.176      0.126      0.037     0.0639      0.145     -0.181       0.16     0.0892   -0.00932     -0.105      0.168      0.178      0.133     0.0461    -0.0551      0.139      -0.18     -0.164     0.0972 
     0.105      0.171     -0.174     -0.112   -0.00932    -0.0972     -0.168     -0.176       0.12    -0.0186    -0.0892      0.164     -0.178     -0.126    -0.0279     -0.081       0.16       0.18      0.133     -0.037    -0.0725      0.155      0.181      0.139    -0.0461    -0.0639       0.15     -0.181      0.145     0.0551     0.0551     -0.145      0.181      -0.15    -0.0639     0.0461     -0.139      0.181      0.155    -0.0725     -0.037     -0.133      -0.18      -0.16      0.081    -0.0279      0.126     -0.178     -0.164    -0.0892     0.0186      -0.12     -0.176     -0.168    -0.0972    0.00932     -0.112      0.174      0.171     -0.105 
     0.112      0.176     -0.164     -0.081      0.037     -0.139     -0.181     -0.145     0.0461     0.0725      -0.16      0.178      -0.12   -0.00932      0.105     -0.174      0.168     0.0892    -0.0279      0.133     -0.181       0.15     0.0551    -0.0639      0.155      -0.18      0.126    -0.0186    -0.0972     -0.171      0.171    -0.0972    -0.0186      0.126       0.18      0.155    -0.0639    -0.0551      -0.15      0.181     -0.133    -0.0279     0.0892      0.168     -0.174     -0.105   -0.00932       0.12      0.178       0.16     0.0725     0.0461      0.145      0.181      0.139      0.037      0.081     -0.164     -0.176      0.112 
      0.12       0.18      -0.15    -0.0461      0.081     -0.168     -0.171    -0.0892     -0.037      0.145     -0.181      0.126   -0.00932      0.112      0.178     -0.155     0.0551    -0.0725     -0.164      0.174    -0.0972    -0.0279     -0.139     -0.181      0.133    -0.0186     -0.105      0.176      -0.16    -0.0639    -0.0639       0.16     -0.176      0.105    -0.0186     -0.133      0.181     -0.139    -0.0279    -0.0972      0.174      0.164     0.0725    -0.0551      0.155      0.178     -0.112   -0.00932     -0.126     -0.181     -0.145      0.037    -0.0892     -0.171     -0.168     -0.081    -0.0461       0.15       0.18      -0.12 
     0.126      0.181     -0.133   -0.00932       0.12     -0.181     -0.139    -0.0186     -0.112       0.18     -0.145     0.0279      0.105      0.178       0.15     -0.037    -0.0972     -0.176     -0.155     0.0461     0.0892     -0.174      -0.16    -0.0551     -0.081      0.171     -0.164     0.0639     0.0725      0.168     -0.168     0.0725     0.0639     -0.164     -0.171     -0.081    -0.0551       0.16      0.174    -0.0892    -0.0461     -0.155     -0.176    -0.0972     -0.037      -0.15      0.178     -0.105     0.0279      0.145       0.18     -0.112     0.0186      0.139      0.181       0.12    0.00932     -0.133     -0.181      0.126 
     0.133      0.181     -0.112     0.0279       0.15     -0.176    -0.0892     0.0551     -0.164      0.168    -0.0639     -0.081      0.174      0.155      0.037      0.105      -0.18     -0.139   -0.00932     -0.126      0.181      -0.12     0.0186      0.145     -0.178     0.0972     0.0461      -0.16      0.171     0.0725     0.0725     -0.171       0.16    -0.0461     0.0972      0.178     -0.145     0.0186      -0.12      0.181     -0.126    0.00932      0.139       0.18     -0.105      0.037     -0.155      0.174      0.081    -0.0639     -0.168      0.164     0.0551    -0.0892     -0.176      -0.15     0.0279      0.112      0.181     -0.133 
     0.139      0.178    -0.0892     0.0639      0.171     -0.155    -0.0279       0.12     -0.181      0.112      0.037      -0.16      0.168     0.0551    -0.0972       0.18     -0.133    0.00932      0.145     -0.176      0.081     0.0725      0.174       0.15    -0.0186     -0.126      0.181     -0.105    -0.0461     -0.164      0.164    -0.0461     -0.105      0.181      0.126    -0.0186       0.15     -0.174    -0.0725     -0.081      0.176      0.145    0.00932     -0.133       0.18     0.0972     0.0551     -0.168      -0.16     -0.037      0.112     -0.181      -0.12     0.0279      0.155      0.171    -0.0639    -0.0892     -0.178      0.139 
     0.145      0.174    -0.0639     0.0972      0.181      -0.12      0.037      0.164      -0.16     0.0279      0.126      -0.18     0.0892    -0.0725     -0.176      0.139    0.00932       0.15      0.171    -0.0551     -0.105      0.181      0.112    -0.0461      0.168     -0.155     0.0186      0.133     -0.178     -0.081     -0.081      0.178     -0.133    -0.0186     -0.155     -0.168     0.0461      0.112      0.181     -0.105    -0.0551     -0.171      -0.15   -0.00932     -0.139     -0.176     0.0725     0.0892       0.18      0.126    -0.0279       0.16      0.164      0.037      -0.12     -0.181     0.0972     0.0639      0.174     -0.145 
      0.15      0.168     -0.037      0.126      0.178    -0.0725     0.0972      0.181     -0.105    -0.0639      0.176     -0.133    -0.0279     -0.164     -0.155    0.00932      0.145      0.171     0.0461       0.12      -0.18      0.081    -0.0892     -0.181      0.112     0.0551     -0.174      0.139     0.0186       0.16      -0.16     0.0186      0.139     -0.174    -0.0551      0.112     -0.181     0.0892     -0.081       0.18      -0.12     0.0461      0.171      0.145    0.00932      0.155     -0.164     0.0279     -0.133     -0.176    -0.0639     -0.105     -0.181    -0.0972     0.0725      0.178     -0.126     -0.037     -0.168       0.15 
     0.155       0.16   -0.00932       0.15      0.164    -0.0186      0.145      0.168    -0.0279     -0.139      0.171     -0.037     -0.133     -0.174    -0.0461     -0.126      0.176     0.0551      -0.12      0.178    -0.0639     -0.112      -0.18    -0.0725     -0.105      0.181     -0.081    -0.0972      0.181     0.0892     0.0892     -0.181     0.0972      0.081      0.181      0.105     0.0725      -0.18     -0.112    -0.0639      0.178       0.12    -0.0551     -0.176      0.126    -0.0461      0.174     -0.133      0.037      0.171      0.139     0.0279      0.168      0.145    -0.0186     -0.164       0.15    0.00932       0.16     -0.155 
      0.16       0.15     0.0186      0.168      0.139      0.037      0.174      0.126     0.0551     -0.178      0.112     0.0725     -0.181    -0.0972     0.0892     -0.181      0.081     -0.105      -0.18     0.0639       0.12     -0.176    -0.0461      0.133     -0.171     0.0279      0.145     -0.164    0.00932     -0.155      0.155    0.00932     -0.164      0.145    -0.0279     -0.171      0.133     0.0461      0.176      -0.12    -0.0639      -0.18     -0.105      0.081     -0.181    -0.0892    -0.0972      0.181     0.0725     -0.112     -0.178     0.0551     -0.126     -0.174     -0.037      0.139     -0.168     0.0186      -0.15       0.16 
     0.164      0.139     0.0461      0.178      0.105     0.0892      0.181     0.0639      0.126     -0.171     0.0186      0.155      -0.15     0.0279      0.174      -0.12    -0.0725     -0.181     -0.081     -0.112      0.176     -0.037      0.145       0.16    0.00932     -0.168      0.133     0.0551      -0.18    -0.0972    -0.0972       0.18    -0.0551     -0.133     -0.168   -0.00932      -0.16      0.145     -0.037      0.176     -0.112      0.081      0.181     0.0725       0.12      0.174    -0.0279      -0.15     -0.155     0.0186      0.171     -0.126     0.0639      0.181     0.0892     -0.105      0.178    -0.0461      0.139     -0.164 
     0.168      0.126     0.0725      0.181     0.0639      0.133      0.164   -0.00932      0.171      -0.12     -0.081      0.181    -0.0551      0.139       0.16     0.0186     -0.174     -0.112     0.0892      -0.18     0.0461      0.145      0.155    -0.0279      0.176     -0.105    -0.0972      0.178     -0.037       0.15      -0.15     -0.037      0.178    -0.0972      0.105      0.176    -0.0279     -0.155     -0.145    -0.0461       0.18     0.0892     -0.112     -0.174     0.0186      -0.16      0.139     0.0551      0.181      0.081      -0.12      0.171    0.00932     -0.164     -0.133     0.0639     -0.181     0.0725     -0.126      0.168 
     0.171      0.112     0.0972      0.176     0.0186      0.164      0.126     -0.081       0.18     -0.037     -0.155      0.139     0.0639      0.181     0.0551      0.145      -0.15     0.0461      0.181    -0.0725     -0.133       0.16    -0.0279     -0.178     0.0892       0.12     -0.168   -0.00932      0.174      0.105      0.105     -0.174    0.00932      0.168       0.12    -0.0892      0.178    -0.0279       0.16     -0.133    -0.0725     -0.181    -0.0461       0.15     -0.145     0.0551     -0.181     0.0639     -0.139     -0.155      0.037      -0.18     -0.081      0.126      0.164    -0.0186      0.176    -0.0972      0.112     -0.171 
     0.174     0.0972       0.12      0.164    -0.0279       0.18     0.0725     -0.139       0.15     0.0551     -0.181     0.0461      0.155      0.133     -0.081      0.178    -0.0186      0.168      0.112      0.105     -0.171   -0.00932     -0.176    -0.0892     -0.126       0.16      0.037     -0.181     0.0639     -0.145      0.145     0.0639     -0.181      0.037      -0.16     -0.126    -0.0892      0.176    0.00932      0.171     -0.105      0.112      0.168    -0.0186      0.178      0.081      0.133     -0.155     0.0461      0.181     0.0551       0.15      0.139    -0.0725      -0.18    -0.0279     -0.164       0.12    -0.0972      0.174 
     0.176      0.081      0.139      0.145    -0.0725      0.178    0.00932     -0.174     0.0892      0.133      -0.15    -0.0639       0.18     0.0186     -0.171     0.0972      0.126      0.155    -0.0551      0.181    -0.0279     -0.168     -0.105       0.12      -0.16    -0.0461      0.181     -0.037     -0.164     -0.112     -0.112      0.164      0.037     -0.181    -0.0461       0.16      -0.12     -0.105     -0.168    -0.0279      0.181     0.0551     -0.155     -0.126    -0.0972     -0.171    -0.0186       0.18     0.0639      -0.15     -0.133    -0.0892     -0.174    0.00932      0.178     0.0725      0.145     -0.139      0.081     -0.176 
     0.178     0.0639      0.155       0.12     -0.112       0.16    -0.0551      -0.18    0.00932      0.176    -0.0725      -0.15      0.126     -0.105     -0.164    -0.0461      0.181     0.0186     -0.174      0.081      0.145     -0.133     0.0972      0.168      0.037     -0.181     0.0279      0.171    -0.0892      0.139     -0.139    -0.0892      0.171     0.0279      0.181      0.037      0.168    -0.0972      0.133     -0.145     -0.081     -0.174     0.0186      0.181    -0.0461      0.164     -0.105     -0.126      -0.15     0.0725      0.176    0.00932       0.18     0.0551      -0.16     -0.112      -0.12      0.155    -0.0639      0.178 
      0.18     0.0461      0.168     0.0892     -0.145      0.126     -0.112     -0.155    -0.0725      0.174     0.0279     -0.181     0.0186     -0.176    -0.0639      -0.16      0.105     -0.133     -0.139    -0.0972      0.164     0.0551      0.178   -0.00932      0.181     -0.037     -0.171      0.081       0.15       0.12       0.12      -0.15     -0.081      0.171     -0.037     -0.181    0.00932      0.178     0.0551      0.164    -0.0972      0.139      0.133     -0.105       0.16    -0.0639      0.176     0.0186      0.181     0.0279     -0.174     0.0725     -0.155     -0.112      0.126      0.145     0.0892     -0.168     0.0461      -0.18 
     0.181     0.0279      0.176     0.0551     -0.168      0.081     -0.155     -0.105     -0.139      0.126       0.12     -0.145    -0.0972      -0.16     0.0725     -0.171    -0.0461     -0.178     0.0186     -0.181    0.00932       0.18      0.037     -0.174     0.0639      0.164    -0.0892      -0.15      0.112     -0.133      0.133      0.112      -0.15    -0.0892     -0.164     0.0639     -0.174     -0.037      -0.18   -0.00932      0.181     0.0186     -0.178    -0.0461     -0.171    -0.0725      -0.16     0.0972     -0.145      -0.12      0.126     -0.139      0.105      0.155     -0.081     -0.168    -0.0551      0.176    -0.0279      0.181 
     0.181    0.00932      0.181     0.0186      -0.18     0.0279     -0.178     -0.037     -0.176     0.0461      0.174    -0.0551     -0.171    -0.0639      0.168    -0.0725     -0.164     -0.081       0.16    -0.0892     -0.155     0.0972      -0.15     -0.105     -0.145      0.112      0.139      -0.12     -0.133     -0.126     -0.126      0.133       0.12     -0.139      0.112      0.145      0.105      -0.15     0.0972     -0.155    -0.0892      -0.16      0.081      0.164     0.0725      0.168     0.0639     -0.171     0.0551      0.174    -0.0461      0.176     -0.037     -0.178     0.0279       0.18     0.0186     -0.181    0.00932     -0.181 
     0.181   -0.00932      0.181    -0.0186      -0.18    -0.0279     -0.178      0.037     -0.176    -0.0461      0.174     0.0551     -0.171     0.0639      0.168     0.0725     -0.164      0.081       0.16     0.0892     -0.155    -0.0972      -0.15      0.105     -0.145     -0.112      0.139       0.12     -0.133      0.126     -0.126     -0.133       0.12      0.139      0.112     -0.145      0.105       0.15     0.0972      0.155    -0.0892       0.16      0.081     -0.164     0.0725     -0.168     0.0639      0.171     0.0551     -0.174    -0.0461     -0.176     -0.037      0.178     0.0279      -0.18     0.0186      0.181    0.00932      0.181 
     0.181    -0.0279      0.176    -0.0551     -0.168     -0.081     -0.155      0.105     -0.139     -0.126       0.12      0.145    -0.0972       0.16     0.0725      0.171    -0.0461      0.178     0.0186      0.181    0.00932      -0.18      0.037      0.174     0.0639     -0.164    -0.0892       0.15      0.112      0.133      0.133     -0.112      -0.15     0.0892     -0.164    -0.0639     -0.174      0.037      -0.18    0.00932      0.181    -0.0186     -0.178     0.0461     -0.171     0.0725      -0.16    -0.0972     -0.145       0.12      0.126      0.139      0.105     -0.155     -0.081      0.168    -0.0551     -0.176    -0.0279     -0.181 
      0.18    -0.0461      0.168    -0.0892     -0.145     -0.126     -0.112      0.155    -0.0725     -0.174     0.0279      0.181     0.0186      0.176    -0.0639       0.16      0.105      0.133     -0.139     0.0972      0.164    -0.0551      0.178    0.00932      0.181      0.037     -0.171     -0.081       0.15      -0.12       0.12       0.15     -0.081     -0.171     -0.037      0.181    0.00932     -0.178     0.0551     -0.164    -0.0972     -0.139      0.133      0.105       0.16     0.0639      0.176    -0.0186      0.181    -0.0279     -0.174    -0.0725     -0.155      0.112      0.126     -0.145     0.0892      0.168     0.0461       0.18 
     0.178    -0.0639      0.155      -0.12     -0.112      -0.16    -0.0551       0.18    0.00932     -0.176    -0.0725       0.15      0.126      0.105     -0.164     0.0461      0.181    -0.0186     -0.174     -0.081      0.145      0.133     0.0972     -0.168      0.037      0.181     0.0279     -0.171    -0.0892     -0.139     -0.139     0.0892      0.171    -0.0279      0.181     -0.037      0.168     0.0972      0.133      0.145     -0.081      0.174     0.0186     -0.181    -0.0461     -0.164     -0.105      0.126      -0.15    -0.0725      0.176   -0.00932       0.18    -0.0551      -0.16      0.112      -0.12     -0.155    -0.0639     -0.178 
     0.176     -0.081      0.139     -0.145    -0.0725     -0.178    0.00932      0.174     0.0892     -0.133      -0.15     0.0639       0.18    -0.0186     -0.171    -0.0972      0.126     -0.155    -0.0551     -0.181    -0.0279      0.168     -0.105      -0.12      -0.16     0.0461      0.181      0.037     -0.164      0.112     -0.112     -0.164      0.037      0.181    -0.0461      -0.16      -0.12      0.105     -0.168     0.0279      0.181    -0.0551     -0.155      0.126    -0.0972      0.171    -0.0186      -0.18     0.0639       0.15     -0.133     0.0892     -0.174   -0.00932      0.178    -0.0725      0.145      0.139      0.081      0.176 
     0.174    -0.0972       0.12     -0.164    -0.0279      -0.18     0.0725      0.139       0.15    -0.0551     -0.181    -0.0461      0.155     -0.133     -0.081     -0.178    -0.0186     -0.168      0.112     -0.105     -0.171    0.00932     -0.176     0.0892     -0.126      -0.16      0.037      0.181     0.0639      0.145      0.145    -0.0639     -0.181     -0.037      -0.16      0.126    -0.0892     -0.176    0.00932     -0.171     -0.105     -0.112      0.168     0.0186      0.178     -0.081      0.133      0.155     0.0461     -0.181     0.0551      -0.15      0.139     0.0725      -0.18     0.0279     -0.164      -0.12    -0.0972     -0.174 
     0.171     -0.112     0.0972     -0.176     0.0186     -0.164      0.126      0.081       0.18      0.037     -0.155     -0.139     0.0639     -0.181     0.0551     -0.145      -0.15    -0.0461      0.181     0.0725     -0.133      -0.16    -0.0279      0.178     0.0892      -0.12     -0.168    0.00932      0.174     -0.105      0.105      0.174    0.00932     -0.168       0.12     0.0892      0.178     0.0279       0.16      0.133    -0.0725      0.181    -0.0461      -0.15     -0.145    -0.0551     -0.181    -0.0639     -0.139      0.155      0.037       0.18     -0.081     -0.126      0.164     0.0186      0.176     0.0972      0.112      0.171 
     0.168     -0.126     0.0725     -0.181     0.0639     -0.133      0.164    0.00932      0.171       0.12     -0.081     -0.181    -0.0551     -0.139       0.16    -0.0186     -0.174      0.112     0.0892       0.18     0.0461     -0.145      0.155     0.0279      0.176      0.105    -0.0972     -0.178     -0.037      -0.15      -0.15      0.037      0.178     0.0972      0.105     -0.176    -0.0279      0.155     -0.145     0.0461       0.18    -0.0892     -0.112      0.174     0.0186       0.16      0.139    -0.0551      0.181     -0.081      -0.12     -0.171    0.00932      0.164     -0.133    -0.0639     -0.181    -0.0725     -0.126     -0.168 
     0.164     -0.139     0.0461     -0.178      0.105    -0.0892      0.181    -0.0639      0.126      0.171     0.0186     -0.155      -0.15    -0.0279      0.174       0.12    -0.0725      0.181     -0.081      0.112      0.176      0.037      0.145      -0.16    0.00932      0.168      0.133    -0.0551      -0.18     0.0972    -0.0972      -0.18    -0.0551      0.133     -0.168    0.00932      -0.16     -0.145     -0.037     -0.176     -0.112     -0.081      0.181    -0.0725       0.12     -0.174    -0.0279       0.15     -0.155    -0.0186      0.171      0.126     0.0639     -0.181     0.0892      0.105      0.178     0.0461      0.139      0.164 
      0.16      -0.15     0.0186     -0.168      0.139     -0.037      0.174     -0.126     0.0551      0.178      0.112    -0.0725     -0.181     0.0972     0.0892      0.181      0.081      0.105      -0.18    -0.0639       0.12      0.176    -0.0461     -0.133     -0.171    -0.0279      0.145      0.164    0.00932      0.155      0.155   -0.00932     -0.164     -0.145    -0.0279      0.171      0.133    -0.0461      0.176       0.12    -0.0639       0.18     -0.105     -0.081     -0.181     0.0892    -0.0972     -0.181     0.0725      0.112     -0.178    -0.0551     -0.126      0.174     -0.037     -0.139     -0.168    -0.0186      -0.15      -0.16 
     0.155      -0.16   -0.00932      -0.15      0.164     0.0186      0.145     -0.168    -0.0279      0.139      0.171      0.037     -0.133      0.174    -0.0461      0.126      0.176    -0.0551      -0.12     -0.178    -0.0639      0.112      -0.18     0.0725     -0.105     -0.181     -0.081     0.0972      0.181    -0.0892     0.0892      0.181     0.0972     -0.081      0.181     -0.105     0.0725       0.18     -0.112     0.0639      0.178      -0.12    -0.0551      0.176      0.126     0.0461      0.174      0.133      0.037     -0.171      0.139    -0.0279      0.168     -0.145    -0.0186      0.164       0.15   -0.00932       0.16      0.155 
      0.15     -0.168     -0.037     -0.126      0.178     0.0725     0.0972     -0.181     -0.105     0.0639      0.176      0.133    -0.0279      0.164     -0.155   -0.00932      0.145     -0.171     0.0461      -0.12      -0.18     -0.081    -0.0892      0.181      0.112    -0.0551     -0.174     -0.139     0.0186      -0.16      -0.16    -0.0186      0.139      0.174    -0.0551     -0.112     -0.181    -0.0892     -0.081      -0.18      -0.12    -0.0461      0.171     -0.145    0.00932     -0.155     -0.164    -0.0279     -0.133      0.176    -0.0639      0.105     -0.181     0.0972     0.0725     -0.178     -0.126      0.037     -0.168      -0.15 
     0.145     -0.174    -0.0639    -0.0972      0.181       0.12      0.037     -0.164      -0.16    -0.0279      0.126       0.18     0.0892     0.0725     -0.176     -0.139    0.00932      -0.15      0.171     0.0551     -0.105     -0.181      0.112     0.0461      0.168      0.155     0.0186     -0.133     -0.178      0.081     -0.081     -0.178     -0.133     0.0186     -0.155      0.168     0.0461     -0.112      0.181      0.105    -0.0551      0.171      -0.15    0.00932     -0.139      0.176     0.0725    -0.0892       0.18     -0.126    -0.0279      -0.16      0.164     -0.037      -0.12      0.181     0.0972    -0.0639      0.174      0.145 
     0.139     -0.178    -0.0892    -0.0639      0.171      0.155    -0.0279      -0.12     -0.181     -0.112      0.037       0.16      0.168    -0.0551    -0.0972      -0.18     -0.133   -0.00932      0.145      0.176      0.081    -0.0725      0.174      -0.15    -0.0186      0.126      0.181      0.105    -0.0461      0.164      0.164     0.0461     -0.105     -0.181      0.126     0.0186       0.15      0.174    -0.0725      0.081      0.176     -0.145    0.00932      0.133       0.18    -0.0972     0.0551      0.168      -0.16      0.037      0.112      0.181      -0.12    -0.0279      0.155     -0.171    -0.0639     0.0892     -0.178     -0.139 
     0.133     -0.181     -0.112    -0.0279       0.15      0.176    -0.0892    -0.0551     -0.164     -0.168    -0.0639      0.081      0.174     -0.155      0.037     -0.105      -0.18      0.139   -0.00932      0.126      0.181       0.12     0.0186     -0.145     -0.178    -0.0972     0.0461       0.16      0.171    -0.0725     0.0725      0.171       0.16     0.0461     0.0972     -0.178     -0.145    -0.0186      -0.12     -0.181     -0.126   -0.00932      0.139      -0.18     -0.105     -0.037     -0.155     -0.174      0.081     0.0639     -0.168     -0.164     0.0551     0.0892     -0.176       0.15     0.0279     -0.112      0.181      0.133 
     0.126     -0.181     -0.133    0.00932       0.12      0.181     -0.139     0.0186     -0.112      -0.18     -0.145    -0.0279      0.105     -0.178       0.15      0.037    -0.0972      0.176     -0.155    -0.0461     0.0892      0.174      -0.16     0.0551     -0.081     -0.171     -0.164    -0.0639     0.0725     -0.168     -0.168    -0.0725     0.0639      0.164     -0.171      0.081    -0.0551      -0.16      0.174     0.0892    -0.0461      0.155     -0.176     0.0972     -0.037       0.15      0.178      0.105     0.0279     -0.145       0.18      0.112     0.0186     -0.139      0.181      -0.12    0.00932      0.133     -0.181     -0.126 
      0.12      -0.18      -0.15     0.0461      0.081      0.168     -0.171     0.0892     -0.037     -0.145     -0.181     -0.126   -0.00932     -0.112      0.178      0.155     0.0551     0.0725     -0.164     -0.174    -0.0972     0.0279     -0.139      0.181      0.133     0.0186     -0.105     -0.176      -0.16     0.0639    -0.0639      -0.16     -0.176     -0.105    -0.0186      0.133      0.181      0.139    -0.0279     0.0972      0.174     -0.164     0.0725     0.0551      0.155     -0.178     -0.112    0.00932     -0.126      0.181     -0.145     -0.037    -0.0892      0.171     -0.168      0.081    -0.0461      -0.15       0.18       0.12 
     0.112     -0.176     -0.164      0.081      0.037      0.139     -0.181      0.145     0.0461    -0.0725      -0.16     -0.178      -0.12    0.00932      0.105      0.174      0.168    -0.0892    -0.0279     -0.133     -0.181      -0.15     0.0551     0.0639      0.155       0.18      0.126     0.0186    -0.0972      0.171      0.171     0.0972    -0.0186     -0.126       0.18     -0.155    -0.0639     0.0551      -0.15     -0.181     -0.133     0.0279     0.0892     -0.168     -0.174      0.105   -0.00932      -0.12      0.178      -0.16     0.0725    -0.0461      0.145     -0.181      0.139     -0.037      0.081      0.164     -0.176     -0.112 
     0.105     -0.171     -0.174      0.112   -0.00932     0.0972     -0.168      0.176       0.12     0.0186    -0.0892     -0.164     -0.178      0.126    -0.0279      0.081       0.16      -0.18      0.133      0.037    -0.0725     -0.155      0.181     -0.139    -0.0461     0.0639       0.15      0.181      0.145    -0.0551     0.0551      0.145      0.181       0.15    -0.0639    -0.0461     -0.139     -0.181      0.155     0.0725     -0.037      0.133      -0.18       0.16      0.081     0.0279      0.126      0.178     -0.164     0.0892     0.0186       0.12     -0.176      0.168    -0.0972   -0.00932     -0.112     -0.174      0.171      0.105 
    0.0972     -0.164      -0.18      0.139    -0.0551     0.0461     -0.133      0.178      0.168      0.105    0.00932    -0.0892      -0.16      0.181     -0.145    -0.0639      0.037     -0.126      0.176      0.171      0.112     0.0186      0.081     -0.155     -0.181      -0.15    -0.0725     0.0279       0.12     -0.174     -0.174      -0.12    -0.0279     0.0725      -0.15      0.181      0.155      0.081     0.0186      0.112      0.171     -0.176      0.126     -0.037     0.0639     -0.145     -0.181      -0.16     0.0892    0.00932     -0.105     -0.168      0.178     -0.133     0.0461     0.0551      0.139       0.18     -0.164    -0.0972 
    0.0892     -0.155     -0.181       0.16    -0.0972   -0.00932     -0.081       0.15      0.181      0.164      0.105     0.0186    -0.0725      0.145      -0.18     -0.168     -0.112     0.0279     0.0639      0.139      0.178      0.171      -0.12      0.037    -0.0551     -0.133     -0.176     -0.174     -0.126     0.0461    -0.0461     -0.126     -0.174     -0.176      0.133    -0.0551      0.037       0.12     -0.171     -0.178     -0.139     0.0639     0.0279     -0.112     -0.168       0.18      0.145     0.0725     0.0186     -0.105      0.164      0.181      -0.15      0.081    0.00932    -0.0972      -0.16     -0.181      0.155     0.0892 
     0.081     -0.145     -0.178      0.174     -0.133    -0.0639    -0.0186     0.0972      0.155      0.181      0.168       0.12     0.0461      0.037     -0.112     -0.164     -0.181       0.16     -0.105    -0.0279     0.0551      0.126     -0.171       0.18       0.15     0.0892    0.00932    -0.0725     -0.139      0.176      0.176      0.139     0.0725   -0.00932     0.0892      -0.15      -0.18     -0.171      0.126     0.0551    -0.0279      0.105      -0.16      0.181      0.164     -0.112     -0.037     0.0461      -0.12      0.168     -0.181     -0.155     0.0972    -0.0186    -0.0639      0.133      0.174      0.178     -0.145     -0.081 
    0.0725     -0.133     -0.171      0.181      -0.16     -0.112     0.0461     0.0279     0.0972       0.15      0.178      0.176      0.145    -0.0892     0.0186    -0.0551      -0.12      0.164     -0.181     -0.168     -0.126    -0.0639   -0.00932      0.081      0.139      0.174       0.18      0.155      0.105     -0.037      0.037      0.105      0.155       0.18     -0.174      0.139      0.081    0.00932     0.0639      0.126      0.168     -0.181      0.164      -0.12    -0.0551    -0.0186    -0.0892     -0.145      0.176     -0.178       0.15     0.0972    -0.0279    -0.0461      0.112      -0.16     -0.181     -0.171      0.133     0.0725 
    0.0639      -0.12      -0.16       0.18     -0.176      -0.15      0.105    -0.0461     0.0186      0.081      0.133      0.168      0.181     -0.171      0.139     0.0892     0.0279      0.037    -0.0972     -0.145     -0.174     -0.181      0.164     -0.126    -0.0725   -0.00932     0.0551      0.112      0.155     -0.178     -0.178     -0.155     -0.112    -0.0551   -0.00932     0.0725      0.126      0.164     -0.181     -0.174     -0.145     0.0972     -0.037    -0.0279    -0.0892      0.139      0.171      0.181     -0.168      0.133     -0.081    -0.0186    -0.0461      0.105      -0.15      0.176       0.18       0.16      -0.12    -0.0639 
    0.0551     -0.105     -0.145      0.171     -0.181     -0.174       0.15     -0.112    -0.0639   -0.00932     0.0461     0.0972      0.139     -0.168      0.181      0.176      0.155      -0.12     0.0725     0.0186     -0.037    -0.0892      0.133     -0.164      -0.18     -0.178      -0.16     -0.126     -0.081     0.0279    -0.0279     -0.081     -0.126      -0.16      0.178      -0.18     -0.164     -0.133     0.0892      0.037    -0.0186     0.0725      -0.12      0.155      0.176     -0.181     -0.168     -0.139     0.0972    -0.0461   -0.00932    -0.0639      0.112      -0.15      0.174     -0.181     -0.171     -0.145      0.105     0.0551 
    0.0461    -0.0892     -0.126      0.155     -0.174     -0.181      0.176      -0.16     -0.133    -0.0972    -0.0551   -0.00932      0.037     -0.081       0.12       0.15      0.171     -0.181      0.178      0.164      0.139      0.105    -0.0639     0.0186    -0.0279    -0.0725     -0.112     -0.145     -0.168       0.18       0.18      0.168      0.145      0.112    -0.0725     0.0279    -0.0186    -0.0639      0.105      0.139      0.164     -0.178      0.181     -0.171      -0.15       0.12      0.081      0.037    0.00932    -0.0551     0.0972      0.133      -0.16      0.176     -0.181      0.174      0.155      0.126    -0.0892    -0.0461 
     0.037    -0.0725     -0.105      0.133     -0.155     -0.171       0.18     -0.181     -0.174      -0.16     -0.139     -0.112     -0.081     0.0461   -0.00932     0.0279     0.0639    -0.0972      0.126       0.15      0.168      0.178     -0.181      0.176      0.164      0.145       0.12     0.0892     0.0551    -0.0186     0.0186     0.0551     0.0892       0.12     -0.145      0.164      0.176      0.181     -0.178     -0.168      -0.15      0.126    -0.0972     0.0639     0.0279    0.00932     0.0461      0.081     -0.112      0.139      -0.16     -0.174      0.181      -0.18      0.171     -0.155     -0.133     -0.105     0.0725      0.037 
    0.0279    -0.0551     -0.081      0.105     -0.126     -0.145       0.16     -0.171     -0.178     -0.181      -0.18     -0.174     -0.164       0.15     -0.133     -0.112    -0.0892     0.0639     -0.037   -0.00932     0.0186     0.0461    -0.0725     0.0972       0.12      0.139      0.155      0.168      0.176     -0.181     -0.181     -0.176     -0.168     -0.155      0.139      -0.12    -0.0972    -0.0725     0.0461     0.0186   -0.00932      0.037    -0.0639     0.0892      0.112     -0.133      -0.15     -0.164      0.174      -0.18      0.181      0.178     -0.171       0.16     -0.145      0.126      0.105      0.081    -0.0551    -0.0279 
    0.0186     -0.037    -0.0551     0.0725    -0.0892     -0.105       0.12     -0.133     -0.145     -0.155     -0.164     -0.171     -0.176       0.18     -0.181     -0.181     -0.178      0.174     -0.168      -0.16      -0.15     -0.139      0.126     -0.112    -0.0972     -0.081    -0.0639    -0.0461    -0.0279    0.00932   -0.00932    -0.0279    -0.0461    -0.0639      0.081    -0.0972     -0.112     -0.126      0.139       0.15       0.16     -0.168      0.174     -0.178     -0.181      0.181       0.18      0.176     -0.171      0.164     -0.155     -0.145      0.133      -0.12      0.105    -0.0892    -0.0725    -0.0551      0.037     0.0186 
   0.00932    -0.0186    -0.0279      0.037    -0.0461    -0.0551     0.0639    -0.0725     -0.081    -0.0892    -0.0972     -0.105     -0.112       0.12     -0.126     -0.133     -0.139      0.145      -0.15     -0.155      -0.16     -0.164      0.168     -0.171     -0.174     -0.176     -0.178      -0.18     -0.181      0.181      0.181      0.181       0.18      0.178     -0.176      0.174      0.171      0.168     -0.164      -0.16     -0.155       0.15     -0.145      0.139      0.133     -0.126      -0.12     -0.112      0.105    -0.0972     0.0892      0.081    -0.0725     0.0639    -0.0551     0.0461      0.037     0.0279    -0.0186   -0.00932 
H new
  7.44e+03          0   9.62e-15  -1.36e-14  -4.64e-14  -3.43e-15  -6.42e-08   3.29e-14   8.18e-14   8.23e-14   4.99e-14  -8.55e-14  -2.77e-14   1.45e-06  -2.86e-09   6.39e-14   6.47e-14   1.55e-07  -5.28e-07  -4.13e-07  -5.94e-07   1.25e-07   1.69e-08   9.53e-14  -2.46e-07   1.15e-06  -1.28e-06   2.15e-13   1.25e-07  -2.48e-13   1.03e-06  -2.48e-07   1.13e-13   1.13e-06  -1.42e-13  -4.66e-07   2.09e-07  -1.44e-13   7.05e-07   1.22e-07    4.2e-07   4.36e-07  -1.86e-07  -2.39e-07  -6.24e-08   2.05e-07  -2.01e-06  -3.28e-07  -3.78e-07   1.24e-06  -5.91e-09  -6.68e-07  -2.97e-07  -2.83e-07  -2.77e-07  -8.49e-07  -7.41e-13  -2.86e-11   3.02e-08   3.94e-07 
 -3.72e+03   7.44e+03  -1.56e-07  -8.41e-22    8.9e-07   4.58e-15   4.68e-08  -4.46e-07   -1.1e-06  -1.08e-06  -6.44e-07    1.1e-06   1.24e-14  -1.04e-06   1.69e-09  -7.86e-07  -7.93e-07  -1.11e-07   3.78e-07   2.95e-07   4.25e-07   -8.9e-08  -1.21e-08  -1.16e-06   1.75e-07  -8.25e-07   9.15e-07  -2.76e-06  -8.99e-08   2.93e-06   -7.4e-07   1.77e-07  -1.73e-06  -8.13e-07   1.73e-06   3.34e-07   -1.5e-07    1.6e-06  -5.06e-07  -8.74e-08  -3.01e-07  -3.12e-07   1.33e-07   1.71e-07   4.46e-08  -1.47e-07   1.44e-06   2.36e-07   2.72e-07  -8.89e-07  -1.46e-08   5.06e-07   1.93e-07    1.9e-07   1.84e-07    5.6e-07   3.52e-06   2.13e-11  -2.15e-08   -2.8e-07 
         0  -3.72e+03   7.44e+03  -1.08e-07   1.07e-07   1.02e-07   5.66e-09  -5.38e-08  -1.33e-07  -1.31e-07  -7.77e-08   1.32e-07   2.07e-07  -1.26e-07   1.66e-10  -9.49e-08  -9.57e-08  -1.34e-08   4.56e-08   3.56e-08   5.12e-08  -1.07e-08  -1.46e-09   -1.4e-07   2.11e-08  -9.94e-08    1.1e-07  -3.33e-07   -1.1e-08   3.54e-07  -9.02e-08   2.15e-08   -2.1e-07  -9.89e-08    2.1e-07   4.06e-08  -1.83e-08   1.94e-07  -6.18e-08  -1.07e-08  -3.66e-08  -3.78e-08   1.61e-08   2.07e-08   2.98e-06  -1.78e-08   1.74e-07   2.96e-08   3.41e-08  -1.06e-07  -1.94e-08   8.47e-08  -8.03e-09  -2.81e-09  -1.24e-08   9.25e-08  -6.29e-06    4.5e-12  -2.27e-09  -3.04e-08 
         0          0  -3.72e+03   7.44e+03  -6.79e-15      6e-07   3.32e-08  -3.14e-07  -7.75e-07  -7.59e-07  -4.51e-07   7.69e-07    1.2e-06  -7.26e-07   1.16e-09  -5.49e-07  -5.54e-07  -7.76e-08   2.64e-07   2.06e-07   2.97e-07  -6.22e-08  -8.47e-09  -8.13e-07   1.22e-07  -5.76e-07   6.39e-07  -1.93e-06  -6.26e-08   2.04e-06  -5.16e-07   1.24e-07  -1.21e-06  -5.66e-07   1.21e-06   2.33e-07  -1.05e-07   1.12e-06  -3.52e-07  -6.07e-08   -2.1e-07  -2.17e-07   9.28e-08   1.19e-07   3.12e-08  -1.02e-07      1e-06   1.63e-07   1.89e-07  -6.21e-07   4.04e-10   3.31e-07   1.33e-07   1.44e-07   1.38e-07   4.32e-07   5.45e-06    1.4e-11   -1.5e-08  -1.96e-07 
         0          0          0  -3.72e+03   7.44e+03  -6.35e-07  -3.48e-08   3.26e-07   8.03e-07   7.87e-07   4.67e-07  -7.95e-07  -1.24e-06   7.54e-07  -7.89e-10   5.69e-07   5.73e-07   8.02e-08  -2.73e-07  -2.13e-07  -3.06e-07   6.42e-08   8.75e-09   8.39e-07  -1.26e-07   5.94e-07   -6.6e-07   1.99e-06   6.62e-08  -2.12e-06    5.4e-07  -1.29e-07   1.26e-06   5.93e-07  -1.26e-06  -2.43e-07    1.1e-07  -1.16e-06   3.71e-07   6.42e-08   2.19e-07   2.26e-07  -9.67e-08  -1.24e-07  -3.22e-08   1.06e-07  -1.04e-06  -1.74e-07  -2.02e-07   6.47e-07   2.53e-08  -3.77e-07  -9.24e-08  -1.12e-07     -9e-08  -5.44e-07  -7.93e-06  -1.34e-11   1.57e-08   2.03e-07 
         0          0          0          0  -3.72e+03   7.44e+03  -3.46e-08   3.18e-07    7.8e-07   7.61e-07   4.51e-07  -7.69e-07   -1.2e-06   7.27e-07  -8.02e-10   5.48e-07   5.53e-07   7.73e-08  -2.63e-07  -2.06e-07  -2.95e-07   6.19e-08   8.45e-09   8.09e-07  -1.22e-07   5.73e-07  -6.36e-07   1.92e-06   6.32e-08  -2.04e-06   5.17e-07  -1.24e-07   1.21e-06   5.68e-07  -1.21e-06  -2.33e-07   1.05e-07  -1.12e-06   3.55e-07   6.13e-08    2.1e-07   2.17e-07  -9.28e-08  -1.19e-07  -2.03e-05   1.02e-07  -9.99e-07  -1.66e-07  -1.91e-07   6.11e-07  -8.48e-09  -3.21e-07  -1.39e-07  -1.22e-07  -1.07e-07   -5.4e-07  -5.53e-06  -1.71e-11   1.46e-08   1.91e-07 
         0          0          0          0          0  -3.72e+03   7.44e+03   1.81e-08   4.44e-08   4.27e-08   2.53e-08  -4.32e-08  -6.67e-08   3.96e-08  -1.56e-10   3.05e-08   3.08e-08   4.31e-09  -1.48e-08  -1.16e-08  -1.67e-08    3.5e-09   2.56e-06   4.58e-08   -1.5e-06   3.23e-08  -3.57e-08   1.07e-07   2.99e-09  -1.11e-07   2.62e-08  -6.47e-09   6.51e-08   2.91e-08  -6.34e-08   -1.2e-08    5.2e-09     -6e-08   1.74e-08   2.96e-09   1.08e-08   1.17e-08  -4.92e-09  -2.07e-05   7.55e-09   5.52e-09  -5.47e-08   3.74e-06  -9.26e-09   3.33e-08    2.2e-08  -4.09e-08   4.11e-08   1.03e-08    2.2e-05  -7.58e-08  -1.02e-06   4.93e-11   9.48e-10   1.28e-08 
         0          0          0          0          0          0  -3.72e+03   7.44e+03  -4.15e-07  -4.02e-07  -2.38e-07   4.06e-07   6.31e-07   -3.8e-07   6.86e-10  -2.89e-07  -2.91e-07  -4.07e-08   1.39e-07   1.08e-07   1.56e-07  -3.27e-08  -1.72e-05  -4.28e-07   6.44e-08  -3.03e-07   3.35e-07  -1.01e-06  -3.19e-08   1.07e-06  -2.66e-07    6.4e-08  -6.29e-07  -2.92e-07   6.26e-07    1.2e-07  -5.36e-08   5.82e-07   -1.8e-07   -3.1e-08  -1.08e-07  -1.13e-07   4.82e-08   6.22e-08   1.02e-05  -5.33e-08   5.23e-07    8.3e-08   9.46e-08  -3.06e-07  -1.65e-09   1.68e-07   4.27e-08   4.85e-08    2.8e-08   4.29e-07   8.43e-06   7.25e-12  -7.31e-09  -9.62e-08 
         0          0          0          0          0          0          0  -3.72e+03   7.44e+03  -1.04e-06  -6.03e-07   1.03e-06   1.59e-06  -9.58e-07   1.17e-09  -7.25e-07   -7.3e-07  -1.02e-07   3.48e-07   2.72e-07    3.9e-07  -8.17e-08   -1.1e-08  -1.07e-06   1.61e-07  -7.57e-07   8.39e-07  -2.53e-06   -8.1e-08   2.67e-06   -6.7e-07   1.61e-07  -1.58e-06  -7.36e-07   1.57e-06   3.03e-07  -1.36e-07   1.46e-06  -4.56e-07  -7.86e-08  -2.73e-07  -2.84e-07   1.21e-07   1.56e-07   4.07e-08  -1.34e-07   1.31e-06   2.11e-07   2.42e-07  -7.88e-07   3.93e-08   3.82e-07    2.2e-07   1.89e-07    1.8e-07   6.71e-07  -6.64e-07   1.92e-11  -1.77e-08  -2.33e-07 
         0          0          0          0          0          0          0          0  -3.72e+03   7.44e+03  -6.29e-07   1.06e-06   1.63e-06  -9.85e-07   5.96e-10  -7.42e-07  -7.46e-07  -1.04e-07   3.55e-07   2.77e-07   3.98e-07  -8.33e-08  -1.14e-08  -1.09e-06   1.64e-07  -7.71e-07   8.56e-07  -2.58e-06   -8.4e-08   2.73e-06  -6.89e-07   1.65e-07  -1.62e-06  -7.58e-07   1.62e-06   3.11e-07   -1.4e-07    1.5e-06  -4.71e-07  -8.14e-08   -2.8e-07  -2.91e-07   1.24e-07   1.59e-07   4.17e-08  -1.37e-07   1.34e-06   2.19e-07   2.53e-07  -8.29e-07   2.85e-08   4.14e-07   2.34e-07   2.13e-07   2.22e-07    4.7e-07   2.74e-06   1.94e-11  -1.89e-08  -2.46e-07 
         0          0          0          0          0          0          0          0          0  -3.72e+03   7.44e+03   6.44e-07   9.93e-07  -6.02e-07  -1.17e-10   -4.5e-07  -4.53e-07  -6.33e-08   2.15e-07   1.68e-07   2.41e-07  -5.03e-08  -1.95e-05  -6.58e-07   9.87e-08  -4.66e-07   5.18e-07  -1.56e-06  -5.34e-08   1.67e-06   -4.3e-07   1.02e-07  -9.91e-07  -4.71e-07   9.99e-07   1.93e-07  -8.79e-08   9.18e-07  -2.97e-07  -5.15e-08  -1.75e-07  -1.78e-07   7.65e-08   9.74e-08   1.62e-05   -8.4e-08   8.18e-07   1.39e-07   1.63e-07  -5.33e-07  -7.94e-09   2.89e-07   1.23e-07   1.33e-07   1.45e-07   1.96e-07   1.64e-05   1.19e-11   -1.3e-08  -1.64e-07 
         0          0          0          0          0          0          0          0          0          0  -3.72e+03   7.44e+03  -1.76e-06   1.03e-06  -2.54e-10   7.75e-07   7.77e-07   1.09e-07  -3.69e-07  -2.88e-07  -4.15e-07   8.66e-08   1.16e-08   1.13e-06   -1.7e-07   8.01e-07  -8.88e-07   2.67e-06   8.39e-08  -2.82e-06   6.97e-07  -1.69e-07   1.66e-06   7.68e-07  -1.65e-06  -3.16e-07   1.41e-07  -1.53e-06   4.73e-07   8.14e-08   2.84e-07   2.98e-07  -1.27e-07  -1.64e-07  -2.18e-05   1.41e-07  -1.38e-06  -2.19e-07   -2.5e-07   8.22e-07  -3.21e-08  -4.13e-07  -2.12e-07  -1.96e-07  -1.92e-07  -6.03e-07   1.85e-05  -2.81e-11   1.66e-08   2.22e-07 
         0          0          0          0          0          0          0          0          0          0          0  -3.72e+03   7.44e+03    1.8e-06   4.54e-09   1.28e-06   1.28e-06   1.78e-07  -6.03e-07   -4.7e-07  -6.75e-07   1.41e-07    1.9e-08   1.84e-06  -2.75e-07    1.3e-06  -1.44e-06   4.34e-06    1.4e-07  -4.59e-06   1.15e-06  -2.76e-07   2.71e-06   1.26e-06   -2.7e-06  -5.17e-07   2.33e-07   -2.5e-06   7.81e-07   1.35e-07   4.67e-07   4.86e-07  -2.07e-07  -2.67e-07  -3.91e-05   2.29e-07  -2.24e-06   -3.6e-07  -4.17e-07   1.38e-06  -2.12e-09  -7.49e-07  -3.23e-07  -3.25e-07  -3.31e-07  -7.97e-07   8.19e-06  -4.09e-11   2.89e-08    3.8e-07 
         0          0          0          0          0          0          0          0          0          0          0          0  -3.72e+03   7.44e+03  -5.05e-09  -8.38e-07   -8.3e-07  -1.15e-07    3.9e-07   3.04e-07   4.36e-07  -9.08e-08  -1.23e-08  -1.19e-06   1.77e-07  -8.39e-07   9.31e-07   -2.8e-06  -9.18e-08   2.97e-06  -7.46e-07   1.79e-07  -1.75e-06  -8.21e-07   1.75e-06   3.36e-07  -1.52e-07   1.62e-06   -5.1e-07  -8.83e-08  -3.04e-07  -3.15e-07   1.35e-07   1.73e-07   4.38e-08  -1.48e-07   1.45e-06   2.34e-07   2.72e-07  -9.06e-07  -1.54e-08    5.1e-07   2.05e-07   2.17e-07   2.24e-07   5.36e-07   2.12e-05   1.53e-11  -2.03e-08  -2.61e-07 
         0          0          0          0          0          0          0          0          0          0          0          0          0  -3.72e+03   7.44e+03  -3.74e-09  -2.66e-09  -3.28e-10    1.4e-09   1.12e-09   1.63e-09     -1e-05  -4.29e-06  -4.79e-09   -1.1e-05  -2.73e-09   2.38e-09  -5.38e-09   2.14e-09  -6.66e-09   1.07e-08  -1.74e-09      8e-09   1.05e-08  -1.61e-08   -4.1e-09   2.77e-09  -8.95e-09   1.01e-08   1.97e-09      4e-09  -5.21e-05     -1e-09   2.77e-05  -3.62e-06  -5.39e-05  -3.28e-09   2.96e-05   -7.7e-09  -7.07e-06   1.16e-09  -6.16e-09  -9.84e-09  -5.63e-05   2.33e-09  -4.59e-08  -1.88e-05  -5.55e-11   1.47e-09   1.47e-08 
         0          0          0          0          0          0          0          0          0          0          0          0          0          0  -3.72e+03   7.44e+03  -6.37e-07  -8.76e-08   2.96e-07    2.3e-07   3.31e-07  -6.87e-08  -9.35e-09  -8.99e-07   1.34e-07  -6.33e-07   7.02e-07  -2.11e-06  -6.63e-08   2.22e-06  -5.47e-07   1.32e-07  -1.31e-06  -6.03e-07   1.29e-06   2.47e-07  -1.11e-07    1.2e-06   -3.7e-07  -6.38e-08  -2.23e-07  -2.34e-07   9.97e-08   1.29e-07   1.79e-05   -1.1e-07   1.08e-06   1.66e-07   1.93e-07  -6.59e-07  -4.67e-05   3.67e-07   1.83e-07    1.8e-07   1.97e-07   3.13e-07   2.91e-06   1.46e-11  -1.33e-08  -1.74e-07 
         0          0          0          0          0          0          0          0          0          0          0          0          0          0          0  -3.72e+03   7.44e+03  -9.16e-08   3.07e-07   2.38e-07   3.42e-07  -7.09e-08  -9.68e-09  -9.28e-07   1.38e-07  -6.54e-07   7.25e-07  -2.18e-06  -7.02e-08    2.3e-06  -5.73e-07   1.38e-07  -1.36e-06  -6.32e-07   1.35e-06   2.59e-07  -1.16e-07   1.25e-06   -3.9e-07  -6.75e-08  -2.34e-07  -2.43e-07   1.04e-07   1.34e-07   1.98e-05  -1.15e-07   1.12e-06   1.78e-07   2.06e-07  -6.84e-07   1.57e-08   3.52e-07   1.71e-07   1.66e-07    1.7e-07   4.93e-07   1.26e-05   1.59e-11  -1.42e-08  -1.84e-07 
         0          0          0          0          0          0          0          0          0          0          0          0          0          0          0          0  -3.72e+03   7.44e+03   4.39e-08   3.41e-08   4.89e-08   -1.9e-05  -5.03e-06  -1.33e-07   1.05e-05  -9.36e-08   1.04e-07  -3.12e-07  -1.01e-08    3.3e-07  -8.24e-08   1.99e-08  -1.95e-07  -9.08e-08   1.94e-07   3.72e-08  -1.68e-08    1.8e-07  -5.62e-08  -4.59e-05  -3.36e-08  -3.49e-08   4.96e-05   4.55e-05   3.25e-06  -5.66e-05   1.61e-07   -4.9e-06   5.28e-05  -1.02e-07  -2.99e-09   5.69e-08    2.4e-08   3.73e-06    3.7e-08   5.19e-08   5.45e-07   4.74e-11  -1.47e-09  -1.93e-08 
         0          0          0          0          0          0          0          0          0          0          0          0          0          0          0          0          0  -3.72e+03   7.44e+03  -1.18e-07  -1.69e-07   3.49e-08   4.77e-09   4.57e-07  -6.79e-08   3.22e-07  -3.58e-07   1.08e-06   3.54e-08  -1.14e-06   2.87e-07  -6.89e-08   6.73e-07   3.16e-07  -6.72e-07  -1.29e-07   5.84e-08  -6.22e-07   1.96e-07   3.39e-08   1.17e-07   1.21e-07  -5.16e-08  -6.62e-08  -1.03e-05   5.69e-08  -5.57e-07  -9.05e-08  -1.05e-07   3.41e-07  -2.49e-08  -1.46e-07   3.23e-05  -8.82e-08  -8.61e-08  -2.99e-07  -6.13e-06   3.58e-11   6.87e-09   8.93e-08 
         0          0          0          0          0          0          0          0          0          0          0          0          0          0          0          0          0          0  -3.72e+03   7.44e+03  -1.35e-07    2.8e-08   3.83e-09   3.66e-07  -5.44e-08   2.58e-07  -2.86e-07   8.61e-07   2.81e-08  -9.12e-07   2.28e-07   -5.5e-08   5.38e-07   2.52e-07  -5.37e-07  -1.03e-07   4.65e-08  -4.97e-07   1.56e-07    2.7e-08   9.32e-08   9.65e-08  -4.13e-08   -5.3e-08  -7.96e-06   4.55e-08  -4.45e-07  -7.26e-08  -8.35e-08   2.69e-07   5.23e-06  -1.15e-07  -6.28e-08  -6.21e-08   -5.6e-08  -2.73e-07  -1.39e-06  -6.51e-12   4.74e-09   6.26e-08 
         0          0          0          0          0          0          0          0          0          0          0          0          0          0          0          0          0          0          0  -3.72e+03   7.44e+03   4.15e-08   5.67e-09   5.42e-07  -8.03e-08   3.82e-07  -4.23e-07   1.27e-06   4.02e-08  -1.34e-06    3.3e-07  -7.99e-08   7.87e-07   3.64e-07   -7.8e-07  -1.49e-07   6.68e-08  -7.26e-07   2.24e-07   3.86e-08   1.35e-07   1.41e-07  -6.01e-08  -7.76e-08  -1.05e-05   6.66e-08  -6.53e-07  -1.02e-07  -1.18e-07   3.93e-07    1.9e-09  -2.24e-07  -9.78e-08  -9.36e-08  -9.48e-08  -2.43e-07   5.71e-06  -1.21e-11   6.61e-09   8.78e-08 
         0          0          0          0          0          0          0          0          0          0          0          0          0          0          0          0          0          0          0          0  -3.72e+03   7.44e+03  -3.01e-06  -1.16e-07   1.31e-05  -8.21e-08   9.13e-08  -2.75e-07  -9.67e-09   2.95e-07  -7.65e-08   1.82e-08  -1.75e-07  -8.38e-08   1.77e-07   3.42e-08  -1.57e-08   1.62e-07  -5.29e-08  -2.93e-05   -3.1e-08  -3.14e-08   3.25e-05   3.17e-05   2.36e-06   -4.1e-05   1.44e-07   2.62e-08   2.98e-08   -8.8e-08   2.43e-08    6.1e-09   1.16e-05   1.77e-08   9.28e-09    1.6e-07   -2.9e-07   3.35e-11  -1.43e-09  -1.82e-08 
         0          0          0          0          0          0          0          0          0          0          0          0          0          0          0          0          0          0          0          0          0  -3.72e+03   7.44e+03  -1.64e-08   9.41e-09  -1.15e-08   1.27e-08   -3.8e-08  -1.24e-05   3.91e-08  -8.87e-09   1.02e-05  -2.26e-08  -9.86e-09   2.16e-08   1.34e-05  -1.55e-05   2.06e-08  -3.94e-05  -1.01e-05  -2.93e-05  -1.58e-05      1e-05   8.32e-06   1.96e-07  -1.04e-05    1.9e-08  -4.43e-05  -4.15e-05  -1.35e-08   1.91e-08  -1.61e-08   3.99e-08   2.43e-08  -3.62e-05  -8.57e-08   2.92e-06  -1.01e-10  -1.03e-09  -1.27e-08 
         0          0          0          0          0          0          0          0          0          0          0          0          0          0          0          0          0          0          0          0          0          0  -3.72e+03   7.44e+03   2.42e-07  -1.16e-06   1.28e-06  -3.84e-06  -1.25e-07   4.06e-06  -1.01e-06   2.44e-07  -2.39e-06  -1.11e-06   2.38e-06   4.55e-07  -2.05e-07    2.2e-06  -6.88e-07  -1.19e-07  -4.12e-07  -4.27e-07   1.83e-07   2.35e-07   3.46e-05  -2.02e-07   1.97e-06   3.15e-07   3.64e-07   -1.2e-06   1.85e-08   6.31e-07   2.95e-07   2.86e-07   2.83e-07   8.94e-07    1.8e-06   3.19e-11  -1.93e-08  -2.52e-07 
         0          0          0          0          0          0          0          0          0          0          0          0          0          0          0          0          0          0          0          0          0          0          0  -3.72e+03   7.44e+03    1.8e-07  -2.01e-07   6.07e-07  -1.18e-06   -6.7e-07   1.88e-07  -4.34e-08   4.04e-07   2.04e-07  -4.21e-07  -8.29e-08   1.34e-05  -3.76e-07   1.34e-07   6.67e-06   2.28e-05    7.3e-08   -1.5e-05  -2.72e-05  -9.37e-06   1.63e-05  -3.26e-07  -6.73e-08  -8.04e-08   2.34e-07   1.83e-08   -1.3e-07   -1.6e-09  -2.25e-08  -5.09e-09  -2.42e-07  -2.03e-05  -1.36e-11   4.85e-09   5.77e-08 
         0          0          0          0          0          0          0          0          0          0          0          0          0          0          0          0          0          0          0          0          0          0          0          0  -3.72e+03   7.44e+03      1e-06  -2.98e-06  -9.97e-08   3.15e-06  -7.94e-07   1.91e-07  -1.86e-06  -8.74e-07   1.86e-06   3.57e-07  -1.62e-07   1.71e-06  -5.44e-07  -9.43e-08  -3.23e-07  -3.33e-07   1.42e-07   1.82e-07   2.79e-05  -1.57e-07   1.53e-06   2.52e-07   2.93e-07  -9.53e-07   3.64e-08   4.75e-07   2.94e-07   2.52e-07   2.72e-07   4.33e-07  -1.74e-05      3e-11   -1.3e-08  -1.72e-07 
         0          0          0          0          0          0          0          0          0          0          0          0          0          0          0          0          0          0          0          0          0          0          0          0          0  -3.72e+03   7.44e+03          0   1.14e-07  -3.67e-06      9e-07  -2.18e-07   2.14e-06   9.94e-07  -2.13e-06  -4.05e-07   1.82e-07  -1.97e-06   6.09e-07   1.05e-07   3.67e-07   3.82e-07  -1.63e-07   -2.1e-07  -2.79e-05   1.81e-07  -1.77e-06  -2.76e-07  -3.18e-07   1.06e-06  -6.34e-08  -4.92e-07  -2.91e-07  -2.73e-07  -2.72e-07   -8.6e-07   2.53e-06  -2.83e-11   1.52e-08   1.99e-07 
         0          0          0          0          0          0          0          0          0          0          0          0          0          0          0          0          0          0          0          0          0          0          0          0          0          0  -3.72e+03   7.44e+03  -4.99e-07   1.26e-05  -3.05e-06   7.34e-07  -7.08e-06  -3.33e-06   7.05e-06   1.34e-06  -6.18e-07   6.44e-06  -2.05e-06  -3.58e-07  -1.22e-06  -1.24e-06   5.35e-07   6.81e-07   1.72e-07  -5.88e-07   5.72e-06    9.4e-07    1.1e-06  -3.55e-06  -1.53e-08   1.93e-06   7.86e-07   7.91e-07   7.78e-07   2.63e-06   2.02e-05   5.82e-11  -4.85e-08  -6.29e-07 
         0          0          0          0          0          0          0          0          0          0          0          0          0          0          0          0          0          0          0          0          0          0          0          0          0          0          0  -3.72e+03   7.44e+03   5.87e-07  -1.14e-07   2.96e-08  -3.03e-07  -1.27e-07   2.81e-07   5.06e-08  -2.17e-08   2.67e-07  -6.93e-08  -1.17e-08  -4.58e-08  -5.15e-08   2.16e-08   2.91e-08  -7.69e-08  -2.47e-08   2.47e-07  -2.35e-05   2.76e-08   -1.2e-07  -2.77e-08   1.11e-07  -1.61e-08   1.17e-08   5.99e-09   1.92e-07   1.28e-07  -1.73e-11  -1.73e-09  -2.38e-08 
         0          0          0          0          0          0          0          0          0          0          0          0          0          0          0          0          0          0          0          0          0          0          0          0          0          0          0          0  -3.72e+03   7.44e+03  -5.84e-16  -1.02e-06   3.41e-14   4.35e-06  -9.06e-06  -1.68e-06   7.89e-07  -8.12e-06   2.56e-06   4.49e-07   1.54e-06   1.55e-06   -6.7e-07   -8.5e-07  -2.14e-07   7.38e-07  -7.14e-06  -1.13e-06  -1.33e-06   4.33e-06  -7.61e-08  -2.24e-06  -1.03e-06     -1e-06  -1.01e-06  -3.37e-06   1.45e-05  -6.38e-11   5.11e-08   6.72e-07 
         0          0          0          0          0          0          0          0          0          0          0          0          0          0          0          0          0          0          0          0          0          0          0          0          0          0          0          0          0  -3.72e+03   7.44e+03   3.15e-07  -2.89e-06  -1.37e-06   2.85e-06   5.37e-07  -2.55e-07   2.54e-06  -8.38e-07  -1.48e-07  -4.91e-07  -4.87e-07   2.11e-07   2.64e-07   6.55e-08   -2.3e-07   2.21e-06   3.86e-07   4.59e-07  -1.44e-06  -4.09e-08   7.88e-07   2.46e-07   2.88e-07   2.69e-07   1.11e-06   3.22e-05   1.07e-11   -1.8e-08  -2.28e-07 
         0          0          0          0          0          0          0          0          0          0          0          0          0          0          0          0          0          0          0          0          0          0          0          0          0          0          0          0          0          0  -3.72e+03   7.44e+03   6.99e-07   3.22e-07   -6.7e-07  -1.24e-07   5.82e-08  -5.99e-07   1.89e-07   3.31e-08   1.13e-07   1.14e-07  -4.94e-08  -6.27e-08  -6.85e-06   5.44e-08  -5.26e-07  -8.38e-08  -9.88e-08   3.24e-07  -1.42e-08  -1.63e-07  -1.11e-07  -9.37e-08  -1.14e-07   -6.5e-08   4.94e-06  -7.34e-12   3.16e-09   4.21e-08 
         0          0          0          0          0          0          0          0          0          0          0          0          0          0          0          0          0          0          0          0          0          0          0          0          0          0          0          0          0          0          0  -3.72e+03   7.44e+03  -3.52e-06   6.87e-06   1.24e-06  -5.91e-07   5.94e-06  -1.89e-06  -3.33e-07  -1.13e-06  -1.13e-06   4.88e-07   6.16e-07   1.54e-07  -5.36e-07   5.16e-06   8.29e-07   9.82e-07  -3.14e-06   -3.2e-08   1.73e-06   6.12e-07   6.54e-07   6.15e-07   2.73e-06  -2.17e-05    4.1e-11  -3.01e-08  -3.99e-07 
         0          0          0          0          0          0          0          0          0          0          0          0          0          0          0          0          0          0          0          0          0          0          0          0          0          0          0          0          0          0          0          0  -3.72e+03   7.44e+03          0   6.73e-07  -3.23e-07   3.26e-06     -1e-06  -1.77e-07   -6.1e-07  -6.14e-07   2.65e-07   3.36e-07   8.45e-08  -2.93e-07   2.82e-06   4.27e-07   5.02e-07  -1.64e-06   9.95e-08   7.67e-07   4.15e-07   3.89e-07   3.89e-07   1.43e-06   5.77e-13    3.1e-11  -1.32e-08  -1.81e-07 
         0          0          0          0          0          0          0          0          0          0          0          0          0          0          0          0          0          0          0          0          0          0          0          0          0          0          0          0          0          0          0          0          0  -3.72e+03   7.44e+03   -1.7e-06   8.16e-07  -7.52e-06   2.33e-06   4.14e-07    1.4e-06   1.37e-06  -5.96e-07  -7.46e-07  -1.84e-07   6.53e-07  -6.24e-06  -9.54e-07  -1.14e-06   3.68e-06  -1.06e-07  -1.85e-06   -8.2e-07  -8.32e-07  -8.31e-07   -3.1e-06  -1.23e-12  -4.36e-11   3.02e-08   4.05e-07 
         0          0          0          0          0          0          0          0          0          0          0          0          0          0          0          0          0          0          0          0          0          0          0          0          0          0          0          0          0          0          0          0          0          0  -3.72e+03   7.44e+03   1.74e-07   -1.6e-06   5.22e-07   9.27e-08   3.06e-07   2.97e-07  -1.29e-07   -1.6e-07  -3.91e-08    1.4e-07  -1.34e-06  -2.29e-07  -2.75e-07   8.52e-07  -1.77e-05  -4.79e-07  -2.35e-07  -2.06e-07  -2.26e-07   -3.6e-07   7.04e-06  -1.15e-11   6.01e-09   8.05e-08 
         0          0          0          0          0          0          0          0          0          0          0          0          0          0          0          0          0          0          0          0          0          0          0          0          0          0          0          0          0          0          0          0          0          0          0  -3.72e+03   7.44e+03   8.33e-07  -2.35e-07  -4.18e-08  -1.47e-07  -1.46e-07   6.34e-08   8.06e-08   1.36e-07  -7.04e-08   6.75e-07   8.51e-08      1e-07  -3.53e-07   4.86e-08   1.34e-07   1.02e-07  -5.78e-06   1.22e-07    3.6e-07  -1.19e-05  -6.81e-12  -1.54e-09   -2.5e-08 
         0          0          0          0          0          0          0          0          0          0          0          0          0          0          0          0          0          0          0          0          0          0          0          0          0          0          0          0          0          0          0          0          0          0          0          0  -3.72e+03   7.44e+03   3.08e-06   5.16e-07   1.65e-06   1.56e-06   -6.8e-07  -8.37e-07  -2.02e-07   7.35e-07  -6.97e-06  -1.09e-06  -1.33e-06   4.22e-06  -1.42e-08  -2.24e-06  -9.36e-07  -9.51e-07  -9.86e-07  -2.97e-06   1.09e-05  -3.31e-11   2.95e-08   3.87e-07 
         0          0          0          0          0          0          0          0          0          0          0          0          0          0          0          0          0          0          0          0          0          0          0          0          0          0          0          0          0          0          0          0          0          0          0          0          0  -3.72e+03   7.44e+03  -2.19e-07  -6.83e-07  -6.31e-07   2.75e-07   3.38e-07   8.15e-08  -2.97e-07   2.81e-06   4.02e-07   4.87e-07  -1.58e-06   5.24e-08   7.97e-07   3.17e-07   3.38e-07   3.22e-07   1.53e-06   5.17e-13   2.01e-11  -7.79e-09  -1.11e-07 
         0          0          0          0          0          0          0          0          0          0          0          0          0          0          0          0          0          0          0          0          0          0          0          0          0          0          0          0          0          0          0          0          0          0          0          0          0          0  -3.72e+03   7.44e+03  -1.32e-07   -1.2e-07   5.23e-08   6.46e-08  -1.75e-06  -5.68e-08   5.36e-07   6.27e-08   7.55e-08  -2.65e-07   8.17e-08   4.15e-08   1.24e-07   1.06e-07   1.15e-07   3.58e-07    2.8e-06    8.2e-13  -1.68e-09  -2.28e-08 
         0          0          0          0          0          0          0          0          0          0          0          0          0          0          0          0          0          0          0          0          0          0          0          0          0          0          0          0          0          0          0          0          0          0          0          0          0          0          0  -3.72e+03   7.44e+03  -4.23e-07   1.83e-07   2.23e-07  -3.58e-06  -1.96e-07   1.84e-06   2.26e-07   2.76e-07  -9.53e-07   1.05e-07   3.93e-07   2.27e-07   2.56e-07   2.64e-07   1.05e-06    3.6e-13   1.14e-11  -3.47e-09  -5.28e-08 
         0          0          0          0          0          0          0          0          0          0          0          0          0          0          0          0          0          0          0          0          0          0          0          0          0          0          0          0          0          0          0          0          0          0          0          0          0          0          0          0  -3.72e+03   7.44e+03   1.92e-07   2.32e-07   5.54e-08  -2.04e-07   1.92e-06   3.03e-07   3.68e-07  -1.16e-06   4.34e-08   5.72e-07   3.29e-07   2.88e-07   3.16e-07   6.63e-07  -1.02e-05   1.08e-11  -5.21e-09  -6.95e-08 
         0          0          0          0          0          0          0          0          0          0          0          0          0          0          0          0          0          0          0          0          0          0          0          0          0          0          0          0          0          0          0          0          0          0          0          0          0          0          0          0          0  -3.72e+03   7.44e+03  -1.13e-07  -3.82e-06   9.91e-08  -9.31e-07  -1.26e-07  -1.55e-07   5.19e-07  -1.46e-08  -2.78e-07  -1.49e-07  -1.44e-07  -1.68e-07  -2.55e-07   1.28e-05  -7.84e-12   1.28e-09   2.01e-08 
         0          0          0          0          0          0          0          0          0          0          0          0          0          0          0          0          0          0          0          0          0          0          0          0          0          0          0          0          0          0          0          0          0          0          0          0          0          0          0          0          0          0  -3.72e+03   7.44e+03  -3.63e-08   1.34e-07  -1.26e-06  -1.99e-07  -2.43e-07   7.67e-07  -2.14e-08  -3.78e-07   -1.9e-07  -1.84e-07  -1.93e-07  -4.99e-07   1.42e-05  -8.62e-12   2.04e-09   2.94e-08 
         0          0          0          0          0          0          0          0          0          0          0          0          0          0          0          0          0          0          0          0          0          0          0          0          0          0          0          0          0          0          0          0          0          0          0          0          0          0          0          0          0          0          0  -3.72e+03   7.44e+03    1.7e-06  -3.39e-07  -6.91e-08  -8.41e-08   2.46e-07   2.64e-08  -1.65e-07  -5.99e-08  -4.46e-08  -5.21e-08  -6.04e-08  -8.15e-14   3.79e-12   2.57e-09   2.86e-08 
         0          0          0          0          0          0          0          0          0          0          0          0          0          0          0          0          0          0          0          0          0          0          0          0          0          0          0          0          0          0          0          0          0          0          0          0          0          0          0          0          0          0          0          0  -3.72e+03   7.44e+03   1.41e-06   1.83e-07   2.24e-07  -7.48e-07   2.07e-08    3.7e-07    6.9e-08   1.44e-07   1.11e-07   1.02e-06  -1.36e-05   7.06e-12  -1.35e-09  -2.13e-08 
         0          0          0          0          0          0          0          0          0          0          0          0          0          0          0          0          0          0          0          0          0          0          0          0          0          0          0          0          0          0          0          0          0          0          0          0          0          0          0          0          0          0          0          0          0  -3.72e+03   7.44e+03          0  -1.33e-14   1.06e-05  -2.07e-07   -4.9e-06  -1.97e-06  -2.05e-06  -2.15e-06  -5.56e-06  -2.66e-12  -5.96e-11   1.98e-08   2.74e-07 
         0          0          0          0          0          0          0          0          0          0          0          0          0          0          0          0          0          0          0          0          0          0          0          0          0          0          0          0          0          0          0          0          0          0          0          0          0          0          0          0          0          0          0          0          0          0  -3.72e+03   7.44e+03  -9.94e-07   2.71e-06   4.28e-08   -1.4e-06  -5.87e-07  -5.55e-07  -6.09e-07  -1.02e-06  -2.41e-05  -4.71e-12   7.26e-09      9e-08 
         0          0          0          0          0          0          0          0          0          0          0          0          0          0          0          0          0          0          0          0          0          0          0          0          0          0          0          0          0          0          0          0          0          0          0          0          0          0          0          0          0          0          0          0          0          0          0  -3.72e+03   7.44e+03   4.11e-06  -2.27e-07  -1.46e-06  -4.76e-07  -6.36e-07  -6.12e-07  -2.64e-06  -6.91e-13  -2.63e-11   2.04e-09   3.92e-08 
         0          0          0          0          0          0          0          0          0          0          0          0          0          0          0          0          0          0          0          0          0          0          0          0          0          0          0          0          0          0          0          0          0          0          0          0          0          0          0          0          0          0          0          0          0          0          0          0  -3.72e+03   7.44e+03  -1.23e-06          0   2.16e-06   2.56e-06   2.76e-06   5.44e-06   1.87e-12   3.77e-11  -1.39e-08  -1.96e-07 
         0          0          0          0          0          0          0          0          0          0          0          0          0          0          0          0          0          0          0          0          0          0          0          0          0          0          0          0          0          0          0          0          0          0          0          0          0          0          0          0          0          0          0          0          0          0          0          0          0  -3.72e+03   7.44e+03   9.55e-07  -1.11e-07   1.51e-07   1.04e-07   1.51e-06   1.36e-13   5.14e-12   5.05e-10   5.62e-10 
         0          0          0          0          0          0          0          0          0          0          0          0          0          0          0          0          0          0          0          0          0          0          0          0          0          0          0          0          0          0          0          0          0          0          0          0          0          0          0          0          0          0          0          0          0          0          0          0          0          0  -3.72e+03   7.44e+03   4.99e-14  -5.03e-15  -3.19e-06  -3.68e-06  -1.03e-12  -2.95e-11   6.65e-09   1.03e-07 
         0          0          0          0          0          0          0          0          0          0          0          0          0          0          0          0          0          0          0          0          0          0          0          0          0          0          0          0          0          0          0          0          0          0          0          0          0          0          0          0          0          0          0          0          0          0          0          0          0          0          0  -3.72e+03   7.44e+03  -2.32e-06   1.43e-13  -1.53e-06  -5.14e-13  -1.62e-11   3.86e-09   5.76e-08 
         0          0          0          0          0          0          0          0          0          0          0          0          0          0          0          0          0          0          0          0          0          0          0          0          0          0          0          0          0          0          0          0          0          0          0          0          0          0          0          0          0          0          0          0          0          0          0          0          0          0          0          0  -3.72e+03   7.44e+03   3.01e-14  -7.15e-07  -3.84e-13  -1.15e-11   4.77e-09   6.29e-08 
         0          0          0          0          0          0          0          0          0          0          0          0          0          0          0          0          0          0          0          0          0          0          0          0          0          0          0          0          0          0          0          0          0          0          0          0          0          0          0          0          0          0          0          0          0          0          0          0          0          0          0          0          0  -3.72e+03   7.44e+03   3.09e-14   3.96e-14  -1.38e-11   3.23e-09    5.1e-08 
         0          0          0          0          0          0          0          0          0          0          0          0          0          0          0          0          0          0          0          0          0          0          0          0          0          0          0          0          0          0          0          0          0          0          0          0          0          0          0          0          0          0          0          0          0          0          0          0          0          0          0          0          0          0  -3.72e+03   7.44e+03  -1.22e-06   2.85e-13  -2.03e-09  -3.32e-08 
         0          0          0          0          0          0          0          0          0          0          0          0          0          0          0          0          0          0          0          0          0          0          0          0          0          0          0          0          0          0          0          0          0          0          0          0          0          0          0          0          0          0          0          0          0          0          0          0          0          0          0          0          0          0          0  -3.72e+03   7.44e+03  -1.69e-17   -9.1e-11  -5.58e-09 
         0          0          0          0          0          0          0          0          0          0          0          0          0          0          0          0          0          0          0          0          0          0          0          0          0          0          0          0          0          0          0          0          0          0          0          0          0          0          0          0          0          0          0          0          0          0          0          0          0          0          0          0          0          0          0          0  -3.72e+03   7.44e+03   4.18e-13   2.02e-09 
         0          0          0          0          0          0          0          0          0          0          0          0          0          0          0          0          0          0          0          0          0          0          0          0          0          0          0          0          0          0          0          0          0          0          0          0          0          0          0          0          0          0          0          0          0          0          0          0          0          0          0          0          0          0          0          0          0  -3.72e+03   7.44e+03   1.42e-11 
         0          0          0          0          0          0          0          0          0          0          0          0          0          0          0          0          0          0          0          0          0          0          0          0          0          0          0          0          0          0          0          0          0          0          0          0          0          0          0          0          0          0          0          0          0          0          0          0          0          0          0          0          0          0          0          0          0          0  -3.72e+03   7.44e+03 
eigenvalues      9.87       39.4       88.6        157        245        352        478        623        785        965   1.16e+03   1.38e+03   1.61e+03   1.85e+03   2.11e+03   2.39e+03   2.67e+03   2.98e+03   3.29e+03   3.61e+03   3.94e+03   4.29e+03   4.64e+03      5e+03   5.36e+03   5.73e+03   6.11e+03   6.49e+03   6.87e+03   7.25e+03   7.63e+03   8.02e+03    8.4e+03   8.78e+03   9.15e+03   9.52e+03   9.89e+03   1.02e+04   1.06e+04   1.09e+04   1.13e+04   1.16e+04   1.19e+04   1.22e+04   1.25e+04   1.28e+04    1.3e+04   1.33e+04   1.35e+04   1.37e+04   1.39e+04   1.41e+04   1.43e+04   1.44e+04   1.45e+04   1.46e+04   1.47e+04   1.48e+04   1.48e+04   1.49e+04 
0 9.86742307709186 9.86960440108936
1 39.4435256762281 39.4784176043574
2 88.6498772902045 88.8264396098042
3 157.355991520348 157.91367041743
4 245.379672102994 246.740110027234
5 352.487496061227 355.305758439217
6 478.395432700647 483.610615653379
7 622.769596807714 631.654681669719
8 785.227134053303 799.437956488238
9 965.337236253584 986.960440108936
10 1162.62228379585 1194.22213253181
11 1376.55911219989 1421.22303375687
12 1606.58039945612 1667.9631437841
13 1852.07617046159 1934.44246261351
14 2112.39541456429 2220.66099024511
15 2386.84781192633 2526.61872667888
16 2674.70556412818 2852.31567191482
17 2975.20532415905 3197.75182595295
18 3287.55022067608 3562.92718879326
19 3610.91197116385 3947.84176043574

 
