N error Abs(estim-exact) 1/sqrt(N)
10000 0.276211724277638 0.196397561463691 0.272963872601861
15000 0.228296774515816 0.0537022823103825 0.222874068696211
20000 0.198414625874762 0.0479574325529271 0.193014605335717
25000 0.174231600897433 0.29131403116577 0.172637511272383
30000 0.163429606406875 0.249540386385597 0.157595765325727
35000 0.150875848358146 0.235928945452876 0.145905327177596
40000 0.14015944490403 0.0975037861664632 0.136481936300931
45000 0.133516968823714 0.0159906472054558 0.128676403557145
50000 0.125577690060019 0.0914653670706933 0.122073154907871
55000 0.119163729476683 0.129888881691073 0.116392186355837
60000 0.113736254122138 0.0096658510486165 0.111437034348105
65000 0.110114287759605 0.028043432846367 0.107065239454057
70000 0.106135943574737 0.0812338305635443 0.10317064625852
75000 0.102466661608006 0.0871504137443253 0.0996723136053371
80000 0.0994795839409812 0.0616767122987127 0.0965073026678584
85000 0.0963704887642151 0.10184955168689 0.0936258358924784
90000 0.0932256231317325 0.0753160090881835 0.0909879575339537
95000 0.0908102939307748 0.0540250496611705 0.0885611746616606
100000 0.0898838790112425 0.147321084154619 0.0863187556361913
105000 0.0866967998057577 0.0428195468548402 0.0842384799221857
110000 0.0845489004808407 0.00664514113222303 0.0823017042493405
115000 0.0828551169192776 0.133934639752333 0.0804926546720691
120000 0.0809753933151734 0.0585987837339736 0.0787978826628636
125000 0.0790769961876897 0.0738063331634251 0.0772058421342867
130000 0.077628819907856 0.020533142819458 0.0757065568473254
135000 0.0760241218199283 0.0441889008808083 0.0742913562320703
140000 0.0747664653663158 0.0367033687298495 0.0729526635887982
145000 0.0735540494660065 0.041173232975563 0.0716838248218523
150000 0.072246425903936 0.0261939174882784 0.0704789688468861
155000 0.0709283465761263 0.008111723070229 0.0693328929738004
160000 0.0701390321994745 0.0206952232148758 0.0682409681504653
165000 0.0688426547796473 0.0982108168131397 0.0671990601241114
170000 0.067897072059734 0.0538936031532398 0.0662034634538303
175000 0.0670964352342728 0.0790138769956812 0.0652508459696906
180000 0.0660331579256551 0.00950170406838069 0.0643382017785723
185000 0.0652582416498687 0.00807961893979581 0.0634628113046701
190000 0.0645958343380545 0.108449199774519 0.0626222071531065
195000 0.0637372210158266 0.0826116129871401 0.0618141448196517
200000 0.0628698492470225 0.0292969217524686 0.0610365774539354
205000 0.0616407245864437 0.10242330818436 0.060287634029447
210000 0.0613701998385649 0.108542654654297 0.0595656003898243
215000 0.060118033175814 0.0109304957413414 0.0588689027340175
220000 0.0600879574271973 0.127251405429195 0.0581960931779184
225000 0.0592437768956255 0.0220596361300807 0.0575458370907942
230000 0.0584066973305383 0.0118669893156529 0.0569169019543271
235000 0.0577797823551464 0.0360071992903439 0.0563081475325276
240000 0.0574539593410884 0.0310294037610035 0.0557185171740527
245000 0.0565556914608177 0.0161130721956084 0.0551470300959191
250000 0.0558800435744828 0.00299590692474894 0.0545927745203722
255000 0.0554488877997931 0.00539819504519024 0.0540549015556261
260000 0.0548668008864043 0.00911816260482112 0.0535326197270286
265000 0.0543473696580778 0.00437156958071405 0.0530251900784954
270000 0.05401651678141 0.0633647564707616 0.0525319217752424
275000 0.0532423297368915 0.062813265347728 0.0520521681482949
280000 0.0528932405010875 0.0569662105059123 0.0515853231292601
285000 0.052508508060331 0.0375727194221724 0.0511308180306592
290000 0.0520970172422029 0.00170313717957704 0.0506881186329203
295000 0.0516083743728789 0.00701020941082753 0.050256722544101
300000 0.0513776739260323 0.0597381852749947 0.0498361568026686
305000 0.0506514781708004 0.00391012174990735 0.049425975697329
310000 0.0502131343688104 0.0496144417676234 0.0490257587810554
315000 0.0502356472069498 0.0648495946858212 0.0486351090591988
320000 0.0494453017000554 0.0551310694790583 0.0482536513339292
325000 0.0490685293989176 0.0190462481472835 0.0478810306893129
330000 0.048371629141706 0.0597581397874229 0.0475169111031217
335000 0.048579173898002 0.0401683407114959 0.0471609741730321
340000 0.0479813602572744 0.012685997872131 0.0468129179462392
345000 0.0474853167580898 0.0606594173618067 0.0464724558427067
350000 0.0475814768247909 0.057273392284948 0.0461393156633271
355000 0.0467502635187651 0.0680523571495417 0.0458132386751908
360000 0.0468469355973485 0.00943990452385535 0.0454939787669768
365000 0.0463158519686456 0.00214088351945563 0.0451813016682014
370000 0.0461072203597658 0.0180858456637871 0.0448749842266945
375000 0.0456383423084005 8.63734711522568E-05 0.0445748137392422
380000 0.0455680352254097 0.0451476308688541 0.0442805873308303
385000 0.0450763384747333 0.00504398447181842 0.0439921113783756
390000 0.0448957629789157 0.0278412986929233 0.043709200975223
395000 0.0444963720809243 0.0319697320082959 0.0434316794330453
400000 0.0442865285221934 0.000438844307188546 0.0431593778180956
405000 0.0440537454107844 0.00616657099395113 0.0428921345190482
410000 0.0438178057680565 0.038587381089247 0.0426297948439149
415000 0.0435982870359787 0.0651816071490572 0.0423722106437542
420000 0.0431007824777059 0.032438437852532 0.0421192399610928
425000 0.042855876222924 0.0106535492947497 0.0418707467011643
430000 0.0426627958784364 0.0262555630419943 0.0416266003242351
435000 0.0423794737153092 0.00262609511196743 0.0413866755574384
440000 0.0423983385400067 0.035459424373169 0.0411508521246703
445000 0.0420472254248484 0.0467845093650254 0.0409190144932248
450000 0.0417094983773745 0.0129975767837465 0.0406910516359569
455000 0.0415148347163014 0.0194491226188465 0.0404668568078595
460000 0.0411658940493924 0.0618121241014133 0.0402463273360345
465000 0.0410430854614229 0.0275813973105059 0.0400293644221192
470000 0.0408724689566533 0.0100562045377064 0.0398158729563028
475000 0.0406616635190356 0.00664922877175123 0.039605761342141
480000 0.040612851467018 0.0708690919467543 0.0393989413314318
485000 0.0402411268159921 0.0240462850559915 0.0391953278684798
490000 0.0399987881814523 0.00589686311831983 0.038994838943123
495000 0.0396816381965852 0.0678633962877022 0.0387973954519456
500000 0.0396245587737931 0.00854952399562237 0.0386029210671434
505000 0.0393120629776514 0.0459267058693982 0.0384113421125483
510000 0.0391265785601713 0.0198035533647261 0.0382225874463545
515000 0.0390821917297815 0.0461683661554311 0.0380365883501216
520000 0.0388616008676479 0.00688771894562379 0.0378532784236627
525000 0.0385968223052762 0.0156491430138725 0.0376725934854517
530000 0.0384893481811162 0.0190238030366174 0.0374944714782097
535000 0.0383316598677717 0.0190704132150579 0.0373188523793571
540000 0.0380921503189581 0.0218990058233359 0.0371456781160352
545000 0.0378104906148341 0.0476425898800947 0.0369748924844273
550000 0.0376598205267322 0.0235850074523967 0.0368064410731217
555000 0.0376282104927278 0.00268548180799399 0.0366402711902817
560000 0.0375482050924815 0.0581492499496505 0.0364763317943991
565000 0.0372014404341329 0.0449941734607435 0.0363145734284266
570000 0.0370765902822437 0.0244352566795669 0.0361549481570945
575000 0.0368789549691459 0.00420983405081543 0.0359974095072325
580000 0.0366390239811693 0.0448471052075696 0.0358419124109261
585000 0.0367348228580548 0.0573355996384279 0.0356884131513524
590000 0.0364576226459871 0.000169260628281265 0.0355368693111446
595000 0.0363173904873209 0.0106133651954963 0.035387239723149
600000 0.0362186452279057 0.0279861440539939 0.035239484423443
605000 0.0358698846649767 0.0900367834819491 0.035093564606494
610000 0.0359136210719889 0.0350689579436967 0.0349494425823428
615000 0.0356899923147756 0.0490532132104917 0.0348070817357069
620000 0.0354172296557678 0.0351712826014801 0.0346664464869002
625000 0.0353861460631518 0.00591863968402429 0.0345275022544765
630000 0.0352722921505699 0.015612052829642 0.0343902154195068
635000 0.0351245343269979 0.010466274824859 0.0342545532914061
640000 0.0350232845391469 0.0155017664655048 0.0341204840752326
645000 0.0349775811307582 0.0630681144323972 0.0339879768403829
650000 0.0348867879427832 0.0538071328482737 0.0338570014906144
655000 0.0346923195543278 0.00115223800333197 0.033727528735329
660000 0.0344267352940428 0.0195671033721272 0.0335995300620557
665000 0.0343545819212301 0.0201972092736611 0.0334729777100727
670000 0.0342037675420764 0.0176967808011081 0.0333478446451147
675000 0.03416752617706 0.0312730895032303 0.0332241045351124
680000 0.033994500850446 0.0146118965426822 0.0331017317269152
685000 0.0338253185114435 0.00127385492131182 0.0329807012239496
690000 0.0336084114914378 0.0382181130531176 0.0328609886647703
695000 0.0335838825205489 0.0197318818475782 0.0327425703024607
700000 0.0335293991499908 0.00783964869545173 0.0326254229848453
705000 0.0333785145469228 0.0299531888676547 0.032509524135474
710000 0.0332131127140946 0.00108774655996058 0.0323948517353452
715000 0.0330719623820884 0.0379336395982808 0.032281384305333
720000 0.0331137083775489 0.0528046966925579 0.0321691008892861
725000 0.0328781734011103 0.00788505130439709 0.0320579810377697
730000 0.0326945102624238 0.0524011063101177 0.0319480047924203
735000 0.0327022454994718 0.0296325380138605 0.0318391526708873
740000 0.0325420300873129 0.0375688585010057 0.0317314056523351
745000 0.0323963562615469 0.03172868549599 0.0316247451634808
750000 0.0323004967526305 0.0223777631810229 0.0315191530651454
755000 0.0322908695427162 0.00747870351105462 0.0314146116392953
760000 0.0321180956139823 0.000883096229177482 0.0313111035765532
765000 0.0320131506908284 0.0079251411710537 0.0312086119641595
770000 0.0318849300048423 0.00185728021356013 0.0311071202743633
775000 0.0317077273384486 0.0178281471009072 0.031006612353227
780000 0.0316769910079393 0.0272469130895558 0.0309070724098259
785000 0.0315649335115551 0.0159259768885818 0.030808485005826
790000 0.0314943190882929 0.0134968454784214 0.0307108350454267
795000 0.0315314277121341 0.0656804956325985 0.0306141077656504
800000 0.0312060763709505 0.0506065742956316 0.0305182887269677
805000 0.0311768373010361 0.0177000555681985 0.0304233638042423
810000 0.0311131211103538 0.00779520867836325 0.0303293191779846
815000 0.0310317881849167 0.0279443138821449 0.0302361413259003
820000 0.0309017284300668 0.0205459053756414 0.0301438170147235
825000 0.0308549573353298 0.0140109136801136 0.0300523332923217
830000 0.0306594094034591 0.0564272799787151 0.0299616774800634
835000 0.0306559371720661 0.00940002687330654 0.029871837165437
840000 0.0305419685874801 0.00420772483533938 0.0297828001949122
845000 0.0304718108123105 0.00671425075335819 0.0296945546670334
850000 0.0304699226191086 0.000934624014870877 0.0296070889257375
855000 0.0302042258051941 0.0242704692789744 0.0295203915538869
860000 0.0302504301840199 0.019177402074309 0.0294344513670087
865000 0.0301291108298967 0.00769718645946327 0.0293492574072348
870000 0.0300516870142482 0.00162323454666335 0.0292647989374322
875000 0.0298930661347886 0.0374088935765897 0.0291810654355193
880000 0.0297167709902991 0.038132464400638 0.0290980465889592
885000 0.0297710560844615 0.0159710971803584 0.029015732289425
890000 0.0296801010919631 0.00417573113981362 0.0289341126276299
895000 0.0296534890345015 0.0163546085381476 0.028853177888316
900000 0.0296048452838442 0.0100426976531161 0.0287729185453971
905000 0.0294352735561504 0.00884511378591313 0.0286933252572491
910000 0.0293158846663205 0.0143510407792693 0.0286143888621424
915000 0.0293609850584729 0.0645951831862419 0.0285361003738128
920000 0.0290320650688944 0.0849324022178948 0.0284584509771635
925000 0.0290830378560771 0.025223134744806 0.0283814320240969
930000 0.028997994765688 0.0412998067598842 0.028305035029468
935000 0.0290028902279752 0.0360088266979517 0.0282292516671582
940000 0.028838966827809 0.00840991221776655 0.0281540737662638
945000 0.0288393016031624 0.0131348077425528 0.0280794933073952
950000 0.0287821537161473 0.047673515818726 0.0280055024190839
955000 0.0286174717735601 0.0250835852458646 0.0279320933742928
960000 0.028725249602104 0.0630152637938259 0.0278592585870264
965000 0.0285321712062576 0.0121969903709296 0.0277869906090384
970000 0.0284432546407571 0.0223241119369462 0.0277152821266321
975000 0.0283045342408286 0.0427446552803445 0.0276441259575515
980000 0.0283076155043269 0.00414634248222789 0.0275735150479595
985000 0.0282501025499849 0.00954296631503304 0.0275034424695009
990000 0.0281593749969114 0.029884567459078 0.0274339014164468
995000 0.028141297984282 0.0216141124583125 0.0273648852029183
