     -5.01      1.65257372
     -5.00     -1.68101046
     -4.99     -0.57015606
     -4.98     -0.34819668
     -4.97     -0.25322779
     -4.96     -0.20059356
     -4.95     -0.16720621
     -4.94     -0.14418601
     -4.93     -0.12738923
     -4.92     -0.11462228
     -4.91     -0.10461532
     -4.90     -0.09658240
     -4.89     -0.09001106
     -4.88     -0.08455295
     -4.87     -0.07996306
     -4.86     -0.07606409
     -4.85     -0.07272461
     -4.84     -0.06984518
     -4.83     -0.06734918
     -4.82     -0.06517672
     -4.81     -0.06328028
     -4.80     -0.06162176
     -4.79     -0.06017025
     -4.78     -0.05890047
     -4.77     -0.05779159
     -4.76     -0.05682629
     -4.75     -0.05599012
     -4.74     -0.05527095
     -4.73     -0.05465856
     -4.72     -0.05414431
     -4.71     -0.05372089
     -4.70     -0.05338213
     -4.69     -0.05312278
     -4.68     -0.05293845
     -4.67     -0.05282543
     -4.66     -0.05278066
     -4.65     -0.05280160
     -4.64     -0.05288623
     -4.63     -0.05303296
     -4.62     -0.05324060
     -4.61     -0.05350834
     -4.60     -0.05383573
     -4.59     -0.05422262
     -4.58     -0.05466919
     -4.57     -0.05517594
     -4.56     -0.05574364
     -4.55     -0.05637339
     -4.54     -0.05706657
     -4.53     -0.05782488
     -4.52     -0.05865033
     -4.51     -0.05954526
     -4.50     -0.06051235
     -4.49     -0.06155468
     -4.48     -0.06267568
     -4.47     -0.06387924
     -4.46     -0.06516968
     -4.45     -0.06655185
     -4.44     -0.06803113
     -4.43     -0.06961351
     -4.42     -0.07130567
     -4.41     -0.07311501
     -4.40     -0.07504980
     -4.39     -0.07711922
     -4.38     -0.07933354
     -4.37     -0.08170422
     -4.36     -0.08424407
     -4.35     -0.08696750
     -4.34     -0.08989067
     -4.33     -0.09303183
     -4.32     -0.09641162
     -4.31     -0.10005343
     -4.30     -0.10398393
     -4.29     -0.10823357
     -4.28     -0.11283733
     -4.27     -0.11783552
     -4.26     -0.12327487
     -4.25     -0.12920980
     -4.24     -0.13570408
     -4.23     -0.14283291
     -4.22     -0.15068554
     -4.21     -0.15936875
     -4.20     -0.16901131
     -4.19     -0.17976994
     -4.18     -0.19183729
     -4.17     -0.20545281
     -4.16     -0.22091791
     -4.15     -0.23861726
     -4.14     -0.25904965
     -4.13     -0.28287367
     -4.12     -0.31097717
     -4.11     -0.34458643
     -4.10     -0.38544430
     -4.09     -0.43611411
     -4.08     -0.50052656
     -4.07     -0.58503169
     -4.06     -0.70059821
     -4.05     -0.86794540
     -4.04     -1.13147255
     -4.03     -1.60661897
     -4.02     -2.71666428
     -4.01     -8.27113148
     -4.00      8.39664723
     -3.99      2.84222794
     -3.98      1.73227847
     -3.97      1.25727598
     -3.96      0.99394107
     -3.95      0.82683470
     -3.94      0.71155794
     -3.93      0.62739194
     -3.92      0.56336850
     -3.91      0.51313815
     -3.90      0.47277085
     -3.89      0.43970402
     -3.88      0.41219562
     -3.87      0.38902028
     -3.86      0.36929115
     -3.85      0.35235074
     -3.84      0.33770142
     -3.83      0.32495982
     -3.82      0.31382592
     -3.81      0.30406177
     -3.80      0.29547633
     -3.79      0.28791462
     -3.78      0.28124974
     -3.77      0.27537691
     -3.76      0.27020900
     -3.75      0.26567312
     -3.74      0.26170795
     -3.73      0.25826168
     -3.72      0.25529041
     -3.71      0.25275680
     -3.70      0.25062909
     -3.69      0.24888024
     -3.68      0.24748725
     -3.67      0.24643064
     -3.66      0.24569395
     -3.65      0.24526342
     -3.64      0.24512766
     -3.63      0.24527742
     -3.62      0.24570536
     -3.61      0.24640592
     -3.60      0.24737517
     -3.59      0.24861070
     -3.58      0.25011155
     -3.57      0.25187815
     -3.56      0.25391228
     -3.55      0.25621705
     -3.54      0.25879690
     -3.53      0.26165758
     -3.52      0.26480623
     -3.51      0.26825138
     -3.50      0.27200303
     -3.49      0.27607274
     -3.48      0.28047369
     -3.47      0.28522081
     -3.46      0.29033094
     -3.45      0.29582298
     -3.44      0.30171806
     -3.43      0.30803980
     -3.42      0.31481453
     -3.41      0.32207163
     -3.40      0.32984386
     -3.39      0.33816779
     -3.38      0.34708425
     -3.37      0.35663891
     -3.36      0.36688294
     -3.35      0.37787377
     -3.34      0.38967606
     -3.33      0.40236268
     -3.32      0.41601614
     -3.31      0.43073003
     -3.30      0.44661098
     -3.29      0.46378086
     -3.28      0.48237958
     -3.27      0.50256850
     -3.26      0.52453457
     -3.25      0.54849560
     -3.24      0.57470679
     -3.23      0.60346903
     -3.22      0.63513954
     -3.21      0.67014558
     -3.20      0.70900245
     -3.19      0.75233720
     -3.18      0.80092067
     -3.17      0.85571097
     -3.16      0.91791393
     -3.15      0.98906854
     -3.14      1.07117030
     -3.13      1.16685388
     -3.12      1.27967104
     -3.11      1.41452728
     -3.10      1.57839443
     -3.09      1.78152613
     -3.08      2.03964574
     -3.07      2.37815384
     -3.06      2.84092576
     -3.05      3.51083916
     -3.04      4.56549173
     -3.03      6.46664135
     -3.02     10.90740708
     -3.01     33.12588157
     -3.00    -33.54460569
     -2.99    -11.32627834
     -2.98     -6.88580692
     -2.97     -4.98509925
     -2.96     -3.93103693
     -2.95     -3.26186289
     -2.94     -2.79998050
     -2.93     -2.46251338
     -2.92     -2.20558766
     -2.91     -2.00380449
     -2.90     -1.84144246
     -2.89     -1.70825010
     -2.88     -1.59725802
     -2.87     -1.50356339
     -2.86     -1.42361739
     -2.85     -1.35478859
     -2.84     -1.29508495
     -2.83     -1.24297129
     -2.82     -1.19724589
     -2.81     -1.15695503
     -2.80     -1.12133267
     -2.79     -1.08975685
     -2.78     -1.06171777
     -2.77     -1.03679405
     -2.76     -1.01463479
     -2.75     -0.99494582
     -2.74     -0.97747918
     -2.73     -0.96202476
     -2.72     -0.94840386
     -2.71     -0.93646393
     -2.70     -0.92607448
     -2.69     -0.91712368
     -2.68     -0.90951566
     -2.67     -0.90316830
     -2.66     -0.89801140
     -2.65     -0.89398518
     -2.64     -0.89103906
     -2.63     -0.88913065
     -2.62     -0.88822488
     -2.61     -0.88829335
     -2.60     -0.88931373
     -2.59     -0.89126935
     -2.58     -0.89414878
     -2.57     -0.89794559
     -2.56     -0.90265816
     -2.55     -0.90828945
     -2.54     -0.91484703
     -2.53     -0.92234296
     -2.52     -0.93079388
     -2.51     -0.94022108
     -2.50     -0.95065060
     -2.49     -0.96211351
     -2.48     -0.97464606
     -2.47     -0.98829011
     -2.46     -1.00309341
     -2.45     -1.01911017
     -2.44     -1.03640154
     -2.43     -1.05503630
     -2.42     -1.07509161
     -2.41     -1.09665389
     -2.40     -1.11981992
     -2.39     -1.14469798
     -2.38     -1.17140934
     -2.37     -1.20008992
     -2.36     -1.23089225
     -2.35     -1.26398778
     -2.34     -1.29956964
     -2.33     -1.33785592
     -2.32     -1.37909350
     -2.31     -1.42356277
     -2.30     -1.47158318
     -2.29     -1.52352012
     -2.28     -1.57979313
     -2.27     -1.64088615
     -2.26     -1.70736003
     -2.25     -1.77986824
     -2.24     -1.85917648
     -2.23     -1.94618763
     -2.22     -2.04197362
     -2.21     -2.14781660
     -2.20     -2.26526282
     -2.19     -2.39619399
     -2.18     -2.54292314
     -2.17     -2.70832523
     -2.16     -2.89601846
     -2.15     -3.11062055
     -2.14     -3.35811888
     -2.13     -3.64641838
     -2.12     -3.98617528
     -2.11     -4.39210719
     -2.10     -4.88513075
     -2.09     -5.49600811
     -2.08     -6.27191065
     -2.07     -7.28904152
     -2.06     -8.67902819
     -2.05    -10.69050525
     -2.04    -13.85626739
     -2.03    -19.56159008
     -2.02    -32.88583234
     -2.01    -99.54327412
     -2.00    100.46609405
     -1.99     33.80894084
     -1.98     20.48527558
     -1.97     14.78081929
     -1.96     11.61621413
     -1.95      9.60618621
     -1.94      8.21794278
     -1.93      7.20285162
     -1.92      6.42928803
     -1.91      5.82105205
     -1.90      5.33097591
     -1.89      4.92830154
     -1.88      4.59211682
     -1.87      4.30770910
     -1.86      4.06442766
     -1.85      3.85437353
     -1.84      3.67156583
     -1.83      3.51139391
     -1.82      3.37024717
     -1.81      3.24525886
     -1.80      3.13412482
     -1.79      3.03497283
     -1.78      2.94626681
     -1.77      2.86673556
     -1.76      2.79531884
     -1.75      2.73112628
     -1.74      2.67340555
     -1.73      2.62151748
     -1.72      2.57491648
     -1.71      2.53313494
     -1.70      2.49577073
     -1.69      2.46247708
     -1.68      2.43295439
     -1.67      2.40694352
     -1.66      2.38422026
     -1.65      2.36459079
     -1.64      2.34788793
     -1.63      2.33396795
     -1.62      2.32270806
     -1.61      2.31400417
     -1.60      2.30776914
     -1.59      2.30393126
     -1.58      2.30243310
     -1.57      2.30323045
     -1.56      2.30629159
     -1.55      2.31159665
     -1.54      2.31913721
     -1.53      2.32891597
     -1.52      2.34094661
     -1.51      2.35525380
     -1.50      2.37187326
     -1.49      2.39085207
     -1.48      2.41224901
     -1.47      2.43613511
     -1.46      2.46259433
     -1.45      2.49172437
     -1.44      2.52363776
     -1.43      2.55846304
     -1.42      2.59634623
     -1.41      2.63745262
     -1.40      2.68196870
     -1.39      2.73010468
     -1.38      2.78209718
     -1.37      2.83821267
     -1.36      2.89875124
     -1.35      2.96405134
     -1.34      3.03449512
     -1.33      3.11051502
     -1.32      3.19260146
     -1.31      3.28131217
     -1.30      3.37728340
     -1.29      3.48124346
     -1.28      3.59402938
     -1.27      3.71660713
     -1.26      3.85009688
     -1.25      3.99580419
     -1.24      4.15525942
     -1.23      4.33026748
     -1.22      4.52297158
     -1.21      4.73593560
     -1.20      4.97225188
     -1.19      5.23568387
     -1.18      5.53085782
     -1.17      5.86352411
     -1.16      6.24091978
     -1.15      6.67228108
     -1.14      7.16958380
     -1.13      7.74863907
     -1.12      8.43076072
     -1.11      9.24538564
     -1.10     10.23434893
     -1.09     11.45917692
     -1.08     13.01421461
     -1.07     15.05187073
     -1.06     17.83540294
     -1.05     21.86208323
     -1.04     28.19750415
     -1.03     39.61221991
     -1.02     66.26495216
     -1.01    199.58426462
     -1.00   -200.42985763
     -0.99    -67.11074757
     -0.98    -40.45841927
     -0.97    -29.04430990
     -0.96    -22.70969862
     -0.95    -18.68403218
     -0.94    -15.90171927
     -0.93    -13.86548938
     -0.92    -12.31208658
     -0.91    -11.08910415
     -0.90    -10.10219935
     -0.89     -9.28984840
     -0.88     -8.61021903
     -0.87     -8.03387747
     -0.86     -7.53951331
     -0.85     -7.11131917
     -0.84     -6.73732331
     -0.83     -6.40829388
     -0.82     -6.11699861
     -0.81     -5.85769225
     -0.80     -5.62575406
     -0.79     -5.41742649
     -0.78     -5.22962359
     -0.77     -5.05978826
     -0.76     -4.90578456
     -0.75     -4.76581536
     -0.74     -4.63835863
     -0.73     -4.52211765
     -0.72     -4.41598176
     -0.71     -4.31899508
     -0.70     -4.23033139
     -0.69     -4.14927388
     -0.68     -4.07519860
     -0.67     -4.00756096
     -0.66     -3.94588452
     -0.65     -3.88975185
     -0.64     -3.83879676
     -0.63     -3.79269792
     -0.62     -3.75117352
     -0.61     -3.71397670
     -0.60     -3.68089177
     -0.59     -3.65173105
     -0.58     -3.62633213
     -0.57     -3.60455565
     -0.56     -3.58628342
     -0.55     -3.57141683
     -0.54     -3.55987562
     -0.53     -3.55159685
     -0.52     -3.54653412
     -0.51     -3.54465696
     -0.50     -3.54595052
     -0.49     -3.55041532
     -0.48     -3.55806729
     -0.47     -3.56893794
     -0.46     -3.58307475
     -0.45     -3.60054172
     -0.44     -3.62142019
     -0.43     -3.64580983
     -0.42     -3.67382992
     -0.41     -3.70562093
     -0.40     -3.74134634
     -0.39     -3.78119498
     -0.38     -3.82538363
     -0.37     -3.87416029
     -0.36     -3.92780794
     -0.35     -3.98664905
     -0.34     -4.05105098
     -0.33     -4.12143240
     -0.32     -4.19827092
     -0.31     -4.28211239
     -0.30     -4.37358200
     -0.29     -4.47339785
     -0.28     -4.58238746
     -0.27     -4.70150802
     -0.26     -4.83187158
     -0.25     -4.97477622
     -0.24     -5.13174539
     -0.23     -5.30457766
     -0.22     -5.49541047
     -0.21     -5.70680240
     -0.20     -5.94184100
     -0.19     -6.20428539
     -0.18     -6.49875794
     -0.17     -6.83100559
     -0.16     -7.20826235
     -0.15     -7.63976183
     -0.14     -8.13747762
     -0.13     -8.71721895
     -0.12     -9.40029820
     -0.11    -10.21615113
     -0.10    -11.20661208
     -0.09    -12.43320695
     -0.08    -13.99028070
     -0.07    -16.03024233
     -0.06    -18.81635010
     -0.05    -22.84587697
     -0.04    -29.18441679
     -0.03    -40.60252541
     -0.02    -67.25892645
     -0.01   -200.58218594
      0.00    199.42770488
      0.01     66.10408521
      0.02     39.44695810
      0.03     28.02775857
      0.04     21.68776181
      0.05     17.65641011
      0.06     14.86810726
      0.07     12.82557745
      0.08     11.26555903
      0.09     10.03563908
      0.10      9.04146827
      0.11      8.22151570
      0.12      7.53394152
      0.13      6.94930390
      0.14      6.44628377
      0.15      6.00906460
      0.16      5.62566486
      0.17      5.28684236
      0.18      4.98535378
      0.19      4.71544218
      0.20      4.47247440
      0.21      4.25267973
      0.22      4.05295822
      0.23      3.87073795
      0.24      3.70386728
      0.25      3.55053238
      0.26      3.40919353
      0.27      3.27853524
      0.28      3.15742691
      0.29      3.04489148
      0.30      2.94008027
      0.31      2.84225256
      0.32      2.75075901
      0.33      2.66502799
      0.34      2.58455432
      0.35      2.50888990
      0.36      2.43763590
      0.37      2.37043616
      0.38      2.30697168
      0.39      2.24695587
      0.40      2.19013057
      0.41      2.13626263
      0.42      2.08514094
      0.43      2.03657391
      0.44      1.99038726
      0.45      1.94642214
      0.46      1.90453342
      0.47      1.86458832
      0.48      1.82646504
      0.49      1.79005174
      0.50      1.75524548
      0.51      1.72195140
      0.52      1.69008193
      0.53      1.65955611
      0.54      1.63029898
      0.55      1.60224104
      0.56      1.57531775
      0.57      1.54946915
      0.58      1.52463939
      0.59      1.50077645
      0.60      1.47783178
      0.61      1.45576004
      0.62      1.43451884
      0.63      1.41406848
      0.64      1.39437179
      0.65      1.37539390
      0.66      1.35710206
      0.67      1.33946551
      0.68      1.32245532
      0.69      1.30604426
      0.70      1.29020667
      0.71      1.27491837
      0.72      1.26015653
      0.73      1.24589961
      0.74      1.23212723
      0.75      1.21882015
      0.76      1.20596015
      0.77      1.19352995
      0.78      1.18151323
      0.79      1.16989447
      0.80      1.15865897
      0.81      1.14779278
      0.82      1.13728262
      0.83      1.12711590
      0.84      1.11728065
      0.85      1.10776545
      0.86      1.09855946
      0.87      1.08965235
      0.88      1.08103427
      0.89      1.07269585
      0.90      1.06462813
      0.91      1.05682257
      0.92      1.04927103
      0.93      1.04196573
      0.94      1.03489924
      0.95      1.02806445
      0.96      1.02145457
      0.97      1.01506312
      0.98      1.00888388
      0.99      1.00291091
      1.00      0.99713852
      1.01      0.99156128
      1.02      0.98617395
      1.03      0.98097155
      1.04      0.97594928
      1.05      0.97110256
      1.06      0.96642697
      1.07      0.96191831
      1.08      0.95757252
      1.09      0.95338571
      1.10      0.94935417
      1.11      0.94547431
      1.12      0.94174269
      1.13      0.93815603
      1.14      0.93471115
      1.15      0.93140501
      1.16      0.92823470
      1.17      0.92519741
      1.18      0.92229045
      1.19      0.91951123
      1.20      0.91685725
      1.21      0.91432614
      1.22      0.91191560
      1.23      0.90962342
      1.24      0.90744748
      1.25      0.90538576
      1.26      0.90343629
      1.27      0.90159719
      1.28      0.89986667
      1.29      0.89824299
      1.30      0.89672448
      1.31      0.89530956
      1.32      0.89399668
      1.33      0.89278438
      1.34      0.89167124
      1.35      0.89065592
      1.36      0.88973710
      1.37      0.88891356
      1.38      0.88818410
      1.39      0.88754757
      1.40      0.88700288
      1.41      0.88654899
      1.42      0.88618490
      1.43      0.88590965
      1.44      0.88572233
      1.45      0.88562207
      1.46      0.88560804
      1.47      0.88567945
      1.48      0.88583554
      1.49      0.88607561
      1.50      0.88639897
      1.51      0.88680497
      1.52      0.88729302
      1.53      0.88786252
      1.54      0.88851295
      1.55      0.88924378
      1.56      0.89005453
      1.57      0.89094476
      1.58      0.89191404
      1.59      0.89296199
      1.60      0.89408823
      1.61      0.89529243
      1.62      0.89657427
      1.63      0.89793349
      1.64      0.89936981
      1.65      0.90088300
      1.66      0.90247287
      1.67      0.90413922
      1.68      0.90588189
      1.69      0.90770076
      1.70      0.90959570
      1.71      0.91156663
      1.72      0.91361348
      1.73      0.91573621
      1.74      0.91793479
      1.75      0.92020922
      1.76      0.92255951
      1.77      0.92498571
      1.78      0.92748789
      1.79      0.93006611
      1.80      0.93272047
      1.81      0.93545111
      1.82      0.93825816
      1.83      0.94114178
      1.84      0.94410215
      1.85      0.94713946
      1.86      0.95025393
      1.87      0.95344581
      1.88      0.95671533
      1.89      0.96006279
      1.90      0.96348846
      1.91      0.96699265
      1.92      0.97057571
      1.93      0.97423796
      1.94      0.97797978
      1.95      0.98180155
      1.96      0.98570366
      1.97      0.98968654
      1.98      0.99375062
      1.99      0.99789636
      2.00      1.00212422
      2.01      1.00643470
      2.02      1.01082830
      2.03      1.01530555
      2.04      1.01986700
      2.05      1.02451320
      2.06      1.02924473
      2.07      1.03406218
      2.08      1.03896618
      2.09      1.04395736
      2.10      1.04903636
      2.11      1.05420385
      2.12      1.05946053
      2.13      1.06480709
      2.14      1.07024426
      2.15      1.07577279
      2.16      1.08139343
      2.17      1.08710696
      2.18      1.09291418
      2.19      1.09881591
      2.20      1.10481299
      2.21      1.11090626
      2.22      1.11709661
      2.23      1.12338492
      2.24      1.12977212
      2.25      1.13625913
      2.26      1.14284690
      2.27      1.14953642
      2.28      1.15632867
      2.29      1.16322467
      2.30      1.17022545
      2.31      1.17733207
      2.32      1.18454560
      2.33      1.19186714
      2.34      1.19929782
      2.35      1.20683877
      2.36      1.21449115
      2.37      1.22225615
      2.38      1.23013497
      2.39      1.23812886
      2.40      1.24623905
      2.41      1.25446682
      2.42      1.26281348
      2.43      1.27128035
      2.44      1.27986877
      2.45      1.28858012
      2.46      1.29741578
      2.47      1.30637719
      2.48      1.31546578
      2.49      1.32468304
      2.50      1.33403045
      2.51      1.34350953
      2.52      1.35312185
      2.53      1.36286897
      2.54      1.37275250
      2.55      1.38277407
      2.56      1.39293534
      2.57      1.40323800
      2.58      1.41368376
      2.59      1.42427437
      2.60      1.43501160
      2.61      1.44589727
      2.62      1.45693319
      2.63      1.46812125
      2.64      1.47946333
      2.65      1.49096137
      2.66      1.50261733
      2.67      1.51443319
      2.68      1.52641099
      2.69      1.53855278
      2.70      1.55086067
      2.71      1.56333677
      2.72      1.57598326
      2.73      1.58880232
      2.74      1.60179621
      2.75      1.61496717
      2.76      1.62831754
      2.77      1.64184964
      2.78      1.65556588
      2.79      1.66946866
      2.80      1.68356046
      2.81      1.69784377
      2.82      1.71232114
      2.83      1.72699516
      2.84      1.74186846
      2.85      1.75694369
      2.86      1.77222358
      2.87      1.78771089
      2.88      1.80340840
      2.89      1.81931898
      2.90      1.83544551
      2.91      1.85179093
      2.92      1.86835824
      2.93      1.88515045
      2.94      1.90217067
      2.95      1.91942202
      2.96      1.93690769
      2.97      1.95463092
      2.98      1.97259498
      2.99      1.99080323
      3.00      2.00925906
      3.01      2.02796591
      3.02      2.04692731
      3.03      2.06614680
      3.04      2.08562801
      3.05      2.10537462
      3.06      2.12539036
      3.07      2.14567903
      3.08      2.16624449
      3.09      2.18709066
      3.10      2.20822153
      3.11      2.22964114
      3.12      2.25135362
      3.13      2.27336314
      3.14      2.29567394
      3.15      2.31829036
      3.16      2.34121677
      3.17      2.36445764
      3.18      2.38801749
      3.19      2.41190093
      3.20      2.43611264
      3.21      2.46065737
      3.22      2.48553995
      3.23      2.51076530
      3.24      2.53633840
      3.25      2.56226433
      3.26      2.58854823
      3.27      2.61519535
      3.28      2.64221101
      3.29      2.66960061
      3.30      2.69736966
      3.31      2.72552373
      3.32      2.75406852
      3.33      2.78300978
      3.34      2.81235338
      3.35      2.84210529
      3.36      2.87227156
      3.37      2.90285835
      3.38      2.93387191
      3.39      2.96531861
      3.40      2.99720491
      3.41      3.02953738
      3.42      3.06232270
      3.43      3.09556765
      3.44      3.12927914
      3.45      3.16346418
      3.46      3.19812990
      3.47      3.23328354
      3.48      3.26893247
      3.49      3.30508418
      3.50      3.34174627
      3.51      3.37892648
      3.52      3.41663267
      3.53      3.45487284
      3.54      3.49365511
      3.55      3.53298775
      3.56      3.57287915
      3.57      3.61333785
      3.58      3.65437252
      3.59      3.69599199
      3.60      3.73820523
      3.61      3.78102135
      3.62      3.82444963
      3.63      3.86849949
      3.64      3.91318051
      3.65      3.95850244
      3.66      4.00447517
      3.67      4.05110878
      3.68      4.09841351
      3.69      4.14639976
      3.70      4.19507811
      3.71      4.24445934
      3.72      4.29455438
      3.73      4.34537436
      3.74      4.39693058
      3.75      4.44923456
      3.76      4.50229799
      3.77      4.55613276
      3.78      4.61075096
      3.79      4.66616490
      3.80      4.72238708
      3.81      4.77943021
      3.82      4.83730723
      3.83      4.89603129
      3.84      4.95561576
      3.85      5.01607424
      3.86      5.07742057
      3.87      5.13966880
      3.88      5.20283324
      3.89      5.26692845
      3.90      5.33196921
      3.91      5.39797057
      3.92      5.46494784
      3.93      5.53291658
      3.94      5.60189263
      3.95      5.67189208
      3.96      5.74293131
      3.97      5.81502697
      3.98      5.88819602
      3.99      5.96245568
      4.00      6.03782346
      4.01      6.11431723
      4.02      6.19195511
      4.03      6.27075555
      4.04      6.35073730
      4.05      6.43191946
      4.06      6.51432145
      4.07      6.59796301
      4.08      6.68286425
      4.09      6.76904559
      4.10      6.85652785
      4.11      6.94533216
      4.12      7.03548006
      4.13      7.12699343
      4.14      7.21989455
      4.15      7.31420609
      4.16      7.40995109
      4.17      7.50715301
      4.18      7.60583571
      4.19      7.70602347
      4.20      7.80774101
      4.21      7.91101344
      4.22      8.01586635
      4.23      8.12232575
      4.24      8.23041812
      4.25      8.34017039
      4.26      8.45160998
      4.27      8.56476478
      4.28      8.67966316
      4.29      8.79633401
      4.30      8.91480672
      4.31      9.03511118
      4.32      9.15727782
      4.33      9.28133762
      4.34      9.40732207
      4.35      9.53526326
      4.36      9.66519380
      4.37      9.79714693
      4.38      9.93115642
      4.39     10.06725668
      4.40     10.20548271
      4.41     10.34587014
      4.42     10.48845523
      4.43     10.63327488
      4.44     10.78036665
      4.45     10.92976875
      4.46     11.08152011
      4.47     11.23566031
      4.48     11.39222967
      4.49     11.55126920
      4.50     11.71282066
      4.51     11.87692656
      4.52     12.04363016
      4.53     12.21297549
      4.54     12.38500738
      4.55     12.55977146
      4.56     12.73731417
      4.57     12.91768281
      4.58     13.10092549
      4.59     13.28709121
      4.60     13.47622985
      4.61     13.66839219
      4.62     13.86362992
      4.63     14.06199566
      4.64     14.26354298
      4.65     14.46832642
      4.66     14.67640150
      4.67     14.88782477
      4.68     15.10265377
      4.69     15.32094710
      4.70     15.54276441
      4.71     15.76816645
      4.72     15.99721507
      4.73     16.22997323
      4.74     16.46650504
      4.75     16.70687578
      4.76     16.95115193
      4.77     17.19940117
      4.78     17.45169240
      4.79     17.70809581
      4.80     17.96868284
      4.81     18.23352626
      4.82     18.50270017
      4.83     18.77628001
      4.84     19.05434261
      4.85     19.33696621
      4.86     19.62423049
      4.87     19.91621660
      4.88     20.21300715
      4.89     20.51468630
      4.90     20.82133975
      4.91     21.13305478
      4.92     21.44992027
      4.93     21.77202675
      4.94     22.09946641
      4.95     22.43233316
      4.96     22.77072263
      4.97     23.11473223
      4.98     23.46446115
      4.99     23.82001046
      5.00     24.18148296
      5.01     24.54898369
      5.02     24.92261933
      5.03     25.30249863
      5.04     25.68873238
      5.05     26.08143341
      5.06     26.48071668
      5.07     26.88669927
      5.08     27.29950044
      5.09     27.71924170
      5.10     28.14604681
      5.11     28.58004185
      5.12     29.02135524
      5.13     29.47011784
      5.14     29.92646293
      5.15     30.39052630
      5.16     30.86244628
      5.17     31.34236380
      5.18     31.83042244
      5.19     32.32676848
      5.20     32.83155094
      5.21     33.34492166
      5.22     33.86703532
      5.23     34.39804954
      5.24     34.93812490
      5.25     35.48742501
      5.26     36.04611657
      5.27     36.61436943
      5.28     37.19235665
      5.29     37.78025459
      5.30     38.37824292
      5.31     38.98650473
      5.32     39.60522658
      5.33     40.23459856
      5.34     40.87481440
      5.35     41.52607148
      5.36     42.18857096
      5.37     42.86251780
      5.38     43.54812090
      5.39     44.24559310
      5.40     44.95515135
      5.41     45.67701669
      5.42     46.41141441
      5.43     47.15857410
      5.44     47.91872974
      5.45     48.69211979
      5.46     49.47898728
      5.47     50.27957989
      5.48     51.09415005
      5.49     51.92295504
      5.50     52.76625708
      5.51     53.62432342
      5.52     54.49742646
      5.53     55.38584384
      5.54     56.28985854
      5.55     57.20975900
      5.56     58.14583921
      5.57     59.09839884
      5.58     60.06774336
      5.59     61.05418411
      5.60     62.05803848
      5.61     63.07962998
      5.62     64.11928839
      5.63     65.17734987
      5.64     66.25415712
      5.65     67.35005947
      5.66     68.46541302
      5.67     69.60058080
      5.68     70.75593291
      5.69     71.93184662
      5.70     73.12870655
      5.71     74.34690483
      5.72     75.58684120
      5.73     76.84892322
      5.74     78.13356640
      5.75     79.44119435
      5.76     80.77223896
      5.77     82.12714057
      5.78     83.50634814
      5.79     84.91031940
      5.80     86.33952105
      5.81     87.79442897
      5.82     89.27552832
      5.83     90.78331383
      5.84     92.31828993
      5.85     93.88097095
      5.86     95.47188135
      5.87     97.09155590
      5.88     98.74053992
      5.89    100.41938944
      5.90    102.12867148
      5.91    103.86896424
      5.92    105.64085733
      5.93    107.44495201
      5.94    109.28186141
      5.95    111.15221082
      5.96    113.05663786
      5.97    114.99579282
      5.98    116.97033885
      5.99    118.98095225
