0 1
0.216661562316537 0.976620555710087
0.433323124633075 0.907575419670957
0.649984686949612 0.796093065705644
0.86664624926615 0.647386284781828
1.08330781158269 0.46840844069979
1.29996937389922 0.267528338529221
1.51663093621576 0.0541389085854176
1.7332924985323 -0.161781996552765
1.94995406084884 -0.370138155339914
2.16661562316537 -0.561187065362382
2.38327718548191 -0.725995491923131
2.59993874779845 -0.856857176167589
2.81660031011499 -0.947653171182802
3.03326187243152 -0.99413795715436
3.24992343474806 -0.99413795715436
3.4665849970646 -0.947653171182802
3.68324655938114 -0.856857176167589
3.89990812169767 -0.725995491923131
4.11656968401421 -0.561187065362383
4.33323124633075 -0.370138155339914
4.54989280864729 -0.161781996552765
4.76655437096382 0.0541389085854176
4.98321593328036 0.267528338529221
5.1998774955969 0.46840844069979
5.41653905791344 0.647386284781828
5.63320062022997 0.796093065705644
5.84986218254651 0.907575419670957
6.06652374486305 0.976620555710087
6.28318530717959 1

 
Parameters:         0          1          1       1.26          1          1       2.51          1          1       3.77          1          1       5.03          1          1 
Parameters after training:     -1.09       1.76       2.38       1.09     -0.246    -0.0197       3.38       1.37      0.254       3.99       1.75       1.27       5.34       1.82       1.75 

 
0 0.984843959519102
0.0418879020478639 0.990498649935726
0.0837758040957278 0.993473656759973
0.125663706143592 0.993813564380957
0.167551608191456 0.991571184847441
0.20943951023932 0.986806867866043
0.251327412287183 0.97958773641613
0.293215314335047 0.969986793147754
0.335103216382911 0.958081783730775
0.376991118430775 0.943953619410481
0.418879020478639 0.927684081086298
0.460766922526503 0.909352536724774
0.502654824574367 0.889031661615195
0.544542726622231 0.866782850197662
0.586430628670095 0.842653230051225
0.628318530717959 0.816677644630532
0.670206432765822 0.788889768205462
0.712094334813686 0.759345241448078
0.75398223686155 0.728155155018167
0.795870138909414 0.695520655230265
0.837758040957278 0.661751858492581
0.879645943005142 0.627251960552488
0.921533845053006 0.592455430561706
0.96342174710087 0.557727975742057
1.00530964914873 0.523258606835221
1.0471975511966 0.488987999254137
1.08908545324446 0.4546111662929
1.13097335529233 0.419664828813571
1.17286125734019 0.383672662856244
1.21474915938805 0.34629441456855
1.25663706143592 0.30742303722087
1.29852496348378 0.267198584523039
1.34041286553165 0.225944648293358
1.38230076757951 0.184062897454973
1.42418866962737 0.141930392324665
1.46607657167524 0.0998325449554783
1.5079644737231 0.057942310434048
1.54985237577096 0.0163363588592271
1.59174027781883 -0.0249705183327152
1.63362817986669 -0.0659903017166703
1.67551608191456 -0.10673623274718
1.71740398396242 -0.147209410622042
1.75929188601028 -0.187395002784276
1.80117978805815 -0.227263930815437
1.84306769010601 -0.266776510533827
1.88495559215388 -0.305885960517429
1.92684349420174 -0.344540971907996
1.9687313962496 -0.382687298405657
2.01061929829747 -0.420268628670497
2.05250720034533 -0.457227033764578
2.0943951023932 -0.493503206935664
2.13628300444106 -0.529036626486451
2.17817090648892 -0.563765709191559
2.22005880853679 -0.597627984454658
2.26194671058465 -0.630560300362825
2.30383461263251 -0.662499063987922
2.34572251468038 -0.693380514411863
2.38761041672824 -0.72314102520774
2.42949831877611 -0.751717432217664
2.47138622082397 -0.779047381922443
2.51327412287183 -0.805069695318034
2.5551620249197 -0.829724741943798
2.59704992696756 -0.852954818534666
2.63893782901543 -0.874704526691625
2.68082573106329 -0.894921143983333
2.72271363311115 -0.913554983005802
2.76460153515902 -0.930559733135531
2.80648943720688 -0.945892780010631
2.84837733925475 -0.95951549815927
2.89026524130261 -0.971393512658279
2.93215314335047 -0.981496926238615
2.97404104539834 -0.989800508848529
3.0159289474462 -0.996283847328851
3.05781684949407 -1.00093145353535
3.09970475154193 -1.00373282994799
3.14159265358979 -1.00468249252237
3.18348055563766 -1.00377995125132
3.22536845768552 -1.00102964960065
3.26725635973338 -0.996440864649212
3.30914426178125 -0.99002757038725
3.35103216382911 -0.981808267196599
3.39292006587698 -0.971805781041056
3.43480796792484 -0.960047036326158
3.4766958699727 -0.946562806736911
3.51858377202057 -0.93138744862398
3.56047167406843 -0.914558621679297
3.6023595761163 -0.896117001719086
3.64424747816416 -0.876105990375596
3.68613538021202 -0.854571426390342
3.72802328225989 -0.831561303004923
3.76991118430775 -0.807125495666046
3.81179908635562 -0.781315503906204
3.85368698840348 -0.754184210839092
3.89557489045134 -0.725785663229045
3.93746279249921 -0.696174874567145
3.97935069454707 -0.665407653024846
4.02123859659493 -0.633540455570715
4.0631264986428 -0.600630268939574
4.10501440069066 -0.566734517547835
4.14690230273853 -0.53191099786613
4.18879020478639 -0.496217838201465
4.23067810683425 -0.459713482316735
4.27256600888212 -0.422456694834734
4.31445391092998 -0.384506585945321
4.35634181297785 -0.345922652564945
4.39822971502571 -0.306764832793079
4.44011761707357 -0.267093570274318
4.48200551912144 -0.226969884910634
4.5238934211693 -0.186455446276726
4.56578132321717 -0.14561264607227
4.60766922526503 -0.10450466599643
4.64955712731289 -0.0631955375493001
4.69144502936076 -0.0217501904478283
4.73333293140862 0.01976551341503
4.77522083345649 0.0612847632457073
4.81710873550435 0.102739802298879
4.85899663755221 0.144061952561817
4.90088453960008 0.185181662829167
4.94277244164794 0.226028581393757
4.98466034369581 0.266531654135552
5.02654824574367 0.30661924834117
5.06843614779153 0.346219302138191
5.1103240498394 0.385259498989169
5.15221195188726 0.42366746626662
5.19409985393512 0.461370996528675
5.23598775598299 0.498298289741062
5.27787565803085 0.534378214349658
5.31976356007872 0.569540584803079
5.36165146212658 0.603716452860117
5.40353936417444 0.636838409794841
5.44542726622231 0.668840896434665
5.48731516827017 0.69966051783477
5.52920307031804 0.729236359306202
5.5710909723659 0.757510300474518
5.61297887441376 0.78442732404993
5.65486677646163 0.809935816037036
5.69675467850949 0.833987854200345
5.73864258055735 0.856539481728364
5.78053048260522 0.877550963201102
5.82241838465308 0.896987020160336
5.86430628670095 0.914817043805234
5.90619418874881 0.931015282584386
5.94808209079667 0.945561002725086
5.98996999284454 0.958438620027942
6.0318578948924 0.969637801555597
6.07374579694027 0.979153536154648
6.11563369898813 0.986986173065889
6.15752160103599 0.993141428195927
6.19940950308386 0.997630357939536
6.24129740513172 1.00046930075324

 
0 0 0
0.216661562316537 0.214970440211024 -0.214970440211024
0.433323124633075 0.419889101560265 -0.419889101560265
0.649984686949612 0.605174215193765 -0.605174215193765
0.86664624926615 0.762162055127636 -0.762162055127636
1.08330781158269 0.883512044446023 -0.883512044446023
1.29996937389922 0.963549992519223 -0.963549992519223
1.51663093621576 0.998533413851124 -0.998533413851124
1.7332924985323 0.986826522541526 -0.986826522541526
1.94995406084884 0.928976719816791 -0.928976719816791
2.16661562316537 0.827688998156891 -0.827688998156891
2.38327718548191 0.687699458853423 -0.687699458853423
2.59993874779845 0.515553857177022 -0.515553857177022
2.81660031011499 0.31930153013598 -0.31930153013598
3.03326187243152 0.108119018423942 -0.108119018423942
3.24992343474806 -0.108119018423942 0.108119018423942
3.4665849970646 -0.31930153013598 0.31930153013598
3.68324655938114 -0.515553857177022 0.515553857177022
3.89990812169767 -0.687699458853423 0.687699458853423
4.11656968401421 -0.82768899815689 0.82768899815689
4.33323124633075 -0.928976719816791 0.928976719816791
4.54989280864729 -0.986826522541526 0.986826522541526
4.76655437096382 -0.998533413851124 0.998533413851124
4.98321593328036 -0.963549992519223 0.963549992519223
5.1998774955969 -0.883512044446023 0.883512044446023
5.41653905791344 -0.762162055127636 0.762162055127636
5.63320062022997 -0.605174215193765 0.605174215193765
5.84986218254651 -0.419889101560265 0.419889101560265
6.06652374486305 -0.214970440211024 0.214970440211024
6.28318530717959 -2.44921270764475E-16 2.44921270764475E-16

 
0 0
0.0418879020478639 0.0413809009388053
0.0837758040957278 0.0829424012844742
0.125663706143592 0.124573158623879
0.167551608191456 0.166163872719233
0.20943951023932 0.207607615903943
0.251327412287183 0.248800133136653
0.293215314335047 0.289640107606675
0.335103216382911 0.330029384349487
0.376991118430775 0.369873137868625
0.418879020478639 0.409079959685201
0.460766922526503 0.447561829759899
0.502654824574367 0.485233928684067
0.544542726622231 0.522014259915558
0.586430628670095 0.557823104123754
0.628318530717959 0.59258243854841
0.670206432765822 0.626215616551926
0.712094334813686 0.658647760084666
0.75398223686155 0.689807355638096
0.795870138909414 0.719629323175962
0.837758040957278 0.748059273986577
0.879645943005142 0.77505789224788
0.921533845053006 0.80060370101619
0.96342174710087 0.824692371103925
1.00530964914873 0.847331534161683
1.0471975511966 0.868531676251037
1.08908545324446 0.888295490942602
1.13097335529233 0.906609146777949
1.17286125734019 0.923438580464714
1.21474915938805 0.938732165758373
1.25663706143592 0.952428705912436
1.29852496348378 0.964467797582219
1.34041286553165 0.974799071815661
1.38230076757951 0.983387739867633
1.42418866962737 0.99021563326108
1.46607657167524 0.995278610993068
1.5079644737231 0.998582129616695
1.54985237577096 1.0001367727476
1.59174027781883 0.999954908939758
1.63362817986669 0.998048855954299
1.67551608191456 0.994430335855254
1.71740398396242 0.989110742871481
1.75929188601028 0.982101757839037
1.80117978805815 0.973415992377529
1.84306769010601 0.963067511609252
1.88495559215388 0.95107220239603
1.92684349420174 0.937448013137682
1.9687313962496 0.922215107073163
2.01061929829747 0.90539596509001
2.05250720034533 0.887015461808724
2.0943951023932 0.867100927871492
2.13628300444106 0.845682204125476
2.17817090648892 0.822791689337665
2.22005880853679 0.798464381112404
2.26194671058465 0.772737908864905
2.30383461263251 0.745652557445744
2.34572251468038 0.717251280005107
2.38761041672824 0.687579698790368
2.42949831877611 0.656686092727947
2.47138622082397 0.624621370826805
2.51327412287183 0.591439030646401
2.5551620249197 0.557195101290956
2.59704992696756 0.521948070620119
2.63893782901543 0.485758796599661
2.68082573106329 0.448690402950547
2.72271363311115 0.410808159486753
2.76460153515902 0.372179347757376
2.80648943720688 0.332873112823179
2.84837733925475 0.292960302197911
2.89026524130261 0.252513293167181
2.93215314335047 0.21160580985918
2.97404104539834 0.170312731579378
3.0159289474462 0.128709894033202
3.05781684949407 0.0868738851448256
3.09970475154193 0.04488183723522
3.14159265358979 0.00281121734789314
3.18348055563766 -0.0392603824939992
3.22536845768552 -0.0812554533497145
3.26725635973338 -0.123096774055565
3.30914426178125 -0.164707610955423
3.35103216382911 -0.206011911185317
3.39292006587698 -0.246934488167806
3.43480796792484 -0.287401198128902
3.4766958699727 -0.327339106623795
3.51858377202057 -0.366676644243864
3.56047167406843 -0.405343750872845
3.6023595761163 -0.443272008060546
3.64424747816416 -0.48039475928426
3.68613538021202 -0.516647218067229
3.72802328225989 -0.551966564116241
3.76991118430775 -0.586292027823189
3.81179908635562 -0.619564963644883
3.85368698840348 -0.651728913028504
3.89557489045134 -0.682729657684291
3.93746279249921 -0.712515264120116
3.97935069454707 -0.741036120442852
4.02123859659493 -0.768244966497574
4.0631264986428 -0.794096918457065
4.10501440069066 -0.818549488990419
4.14690230273853 -0.841562604131236
4.18879020478639 -0.863098617933598
4.23067810683425 -0.88312232594901
4.27256600888212 -0.901600978481395
4.31445391092998 -0.918504294482094
4.35634181297785 -0.933804476834884
4.39822971502571 -0.947476229655059
4.44011761707357 -0.9594967780892
4.48200551912144 -0.96984589095656
4.5238934211693 -0.978505906421854
4.56578132321717 -0.985461760735854
4.60766922526503 -0.990701019927424
4.64955712731289 -0.994213914181517
4.69144502936076 -0.99599337449485
4.73333293140862 -0.996035071067078
4.77522083345649 -0.994337452762616
4.81710873550435 -0.990901786868861
4.85899663755221 -0.985732198282164
4.90088453960008 -0.978835707174981
4.94277244164794 -0.970222264137228
4.98466034369581 -0.959904781742772
5.02654824574367 -0.947899161468668
5.06843614779153 -0.934224314890192
5.1103240498394 -0.918902178088852
5.15221195188726 -0.901957718242724
5.19409985393512 -0.883418931417968
5.23598775598299 -0.863316830646132
5.27787565803085 -0.841685423452601
5.31976356007872 -0.818561678095874
5.36165146212658 -0.793985477883576
5.40353936417444 -0.767999563047546
5.44542726622231 -0.740649459785189
5.48731516827017 -0.71198339620553
5.52920307031804 -0.682052205054315
5.5710909723659 -0.650909213230986
5.61297887441376 -0.618610118249622
5.65486677646163 -0.585212851934155
5.69675467850949 -0.550777431773468
5.73864258055735 -0.515365800492882
5.78053048260522 -0.479041654523271
5.82241838465308 -0.441870262166381
5.86430628670095 -0.403918272363462
5.90619418874881 -0.365253515072969
5.94808209079667 -0.325944794350888
5.98996999284454 -0.286061675303316
6.0318578948924 -0.245674266144737
6.07374579694027 -0.204852996646367
6.11563369898813 -0.163668394296794
6.15752160103599 -0.122190859521688
6.19940950308386 -0.0804904413205678
6.24129740513172 -0.0386366146767601

 
0 0.167284763594091
0.0418879020478639 0.102849175145292
0.0837758040957278 0.0393745862405811
0.125663706143592 -0.0229347868548967
0.167551608191456 -0.0838905241326015
0.20943951023932 -0.143321432068462
0.251327412287183 -0.201075795060664
0.293215314335047 -0.257025527442313
0.335103216382911 -0.311073969801479
0.376991118430775 -0.36316948968183
0.418879020478639 -0.413326212625423
0.460766922526503 -0.461649460665682
0.502654824574367 -0.508355190537402
0.544542726622231 -0.553760321819923
0.586430628670095 -0.598209761432679
0.628318530717959 -0.641908365723913
0.670206432765822 -0.684657456203076
0.712094334813686 -0.725562545290624
0.75398223686155 -0.76286276627213
0.795870138909414 -0.794080332255997
0.837758040957278 -0.816631699462263
0.879645943005142 -0.828846779098411
0.921533845053006 -0.831064376661413
0.96342174710087 -0.82626650741885
1.00530964914873 -0.819761038532283
1.0471975511966 -0.817789835296301
1.08908545324446 -0.825487492609491
1.13097335529233 -0.84503523122561
1.17286125734019 -0.874858489347138
1.21474915938805 -0.910252446506391
1.25663706143592 -0.945134318874541
1.29852496348378 -0.974109574492472
1.34041286553165 -0.993979768578605
1.38230076757951 -1.0041990155319
1.42418866962737 -1.00633666192651
1.46607657167524 -1.00300693324754
1.5079644737231 -0.996814117889366
1.54985237577096 -0.989679439647358
1.59174027781883 -0.982636597966215
1.63362817986669 -0.975971631477623
1.67551608191456 -0.969508893207675
1.71740398396242 -0.962883108703242
1.75929188601028 -0.955720317817975
1.80117978805815 -0.947721439102974
1.84306769010601 -0.938678116233669
1.88495559215388 -0.928455803025813
1.92684349420174 -0.916968869602654
1.9687313962496 -0.904159835884694
2.01061929829747 -0.889985927833352
2.05250720034533 -0.874411894722451
2.0943951023932 -0.857406920588818
2.13628300444106 -0.838943788730653
2.17817090648892 -0.818999121238633
2.22005880853679 -0.797554057304769
2.26194671058465 -0.774595064922414
2.30383461263251 -0.750114750006076
2.34572251468038 -0.724112603242864
2.38761041672824 -0.696595656287438
2.42949831877611 -0.667579031286042
2.47138622082397 -0.637086373045605
2.51327412287183 -0.605150156188129
2.5551620249197 -0.571811862021821
2.59704992696756 -0.537122022135456
2.63893782901543 -0.501140128005986
2.68082573106329 -0.463934408204599
2.72271363311115 -0.425581477061948
2.76460153515902 -0.386165860868328
2.80648943720688 -0.345779409797071
2.84837733925475 -0.304520605707703
2.89026524130261 -0.262493777770358
2.93215314335047 -0.219808239418256
2.97404104539834 -0.176577361448802
3.0159289474462 -0.132917597128762
3.05781684949407 -0.0889474758933896
3.09970475154193 -0.0447865826477745
3.14159265358979 -0.000554539772206486
3.18348055563766 0.0436299913001815
3.22536845768552 0.0876502726208531
3.26725635973338 0.131392400931732
3.30914426178125 0.174746153250612
3.35103216382911 0.217605753972127
3.39292006587698 0.25987055228177
3.43480796792484 0.301445600542977
3.4766958699727 0.34224212634115
3.51858377202057 0.38217789301072
3.56047167406843 0.421177445686612
3.6023595761163 0.459172242163415
3.64424747816416 0.49610067006745
3.68613538021202 0.531907954003392
3.72802328225989 0.566545958384276
3.76991118430775 0.599972893551287
3.81179908635562 0.63215293450074
3.85368698840348 0.663055763028333
3.89557489045134 0.69265604534821
3.93746279249921 0.720932858225954
3.97935069454707 0.747869077365576
4.02123859659493 0.773450742202799
4.0631264986428 0.797666411378526
4.10501440069066 0.820506523001988
4.14690230273853 0.841962773373142
4.18879020478639 0.862027527134597
4.23067810683425 0.88069327088598
4.27256600888212 0.897952121143723
4.31445391092998 0.913795396196165
4.35634181297785 0.92821325991979
4.39822971502571 0.94119444402154
4.44011761707357 0.95272605349004
4.48200551912144 0.962793458310895
4.5238934211693 0.971380272763425
4.56578132321717 0.978468421902411
4.60766922526503 0.984038293170833
4.64955712731289 0.988068969517894
4.69144502936076 0.99053853893755
4.73333293140862 0.991424474019384
4.77522083345649 0.990704073935532
4.81710873550435 0.988354960289694
4.85899663755221 0.984355617438603
4.90088453960008 0.97868596726971
4.94277244164794 0.971327967984608
4.98466034369581 0.96226622619531
5.02654824574367 0.951488611585631
5.06843614779153 0.938986863515411
5.1103240498394 0.924757179240694
5.15221195188726 0.908800773875652
5.19409985393512 0.891124402817109
5.23598775598299 0.871740838073629
5.27787565803085 0.85066929077069
5.31976356007872 0.827935773023034
5.36165146212658 0.803573393356298
5.40353936417444 0.777622580903603
5.44542726622231 0.750131234680743
5.48731516827017 0.721154795338112
5.52920307031804 0.690756237881796
5.5710909723659 0.659005984934663
5.61297887441376 0.62598174115628
5.65486677646163 0.591768250445182
5.69675467850949 0.556456978496719
5.73864258055735 0.52014572417456
5.78053048260522 0.482938163965354
5.82241838465308 0.444943334517075
5.86430628670095 0.406275058906994
5.90619418874881 0.36705132284064
5.94808209079667 0.327393607446286
5.98996999284454 0.287426185698738
6.0318578948924 0.247275389781509
6.07374579694027 0.20706885687868
6.11563369898813 0.166934760978738
6.15752160103599 0.127001038275314
6.19940950308386 0.0873946136675333
6.24129740513172 0.0482406356999674
