0 0
0.0808080808080808 0
0.161616161616162 0
0.242424242424242 0
0.323232323232323 0
0.404040404040404 0
0.484848484848485 0
0.565656565656566 0
0.646464646464647 0
0.727272727272727 0
0.808080808080808 0
0.888888888888889 0
0.96969696969697 0
1.05050505050505 -0.000302741732187708
1.13131313131313 -0.00187236099387921
1.21212121212121 -0.00443136600161394
1.29292929292929 -0.00758400245697461
1.37373737373737 -0.0109345160615439
1.45454545454545 -0.0140871525169046
1.53535353535354 -0.0166461575246393
1.61616161616162 -0.0182157767863308
1.6969696969697 -0.0184002560035618
1.77777777777778 -0.016803840877915
1.85858585858586 -0.013030777110973
1.93939393939394 -0.00668531040431866
2.02020202020202 0.00257601007524486
2.1010101010101 0.0138694361222675
2.18181818181818 0.0266716754320061
2.26262626262626 0.0408837894298562
2.34343434343434 0.0564068395412136
2.42424242424242 0.073141887191474
2.50505050505051 0.090989993806033
2.58585858585859 0.109852220810286
2.66666666666667 0.12962962962963
2.74747474747475 0.150223281689459
2.82828282828283 0.171534238415169
2.90909090909091 0.193463561232156
2.98989898989899 0.215912311565816
3.07070707070707 0.238781550841545
3.15151515151515 0.261972340484737
3.23232323232323 0.285385741920789
3.31313131313131 0.308922816575097
3.39393939393939 0.332484625873056
3.47474747474747 0.355972231240061
3.55555555555556 0.379286694101509
3.63636363636364 0.402329075882795
3.71717171717172 0.425000438009315
3.7979797979798 0.447201841906464
3.87878787878788 0.468834348999638
3.95959595959596 0.489799020714234
4.04040404040404 0.510200979285767
4.12121212121212 0.531165651000362
4.2020202020202 0.552798158093536
4.28282828282828 0.574999561990685
4.36363636363636 0.597670924117205
4.44444444444444 0.620713305898491
4.52525252525253 0.644027768759939
4.60606060606061 0.667515374126945
4.68686868686869 0.691077183424903
4.76767676767677 0.714614258079211
4.84848484848485 0.738027659515263
4.92929292929293 0.761218449158455
5.01010101010101 0.784087688434184
5.09090909090909 0.806536438767844
5.17171717171717 0.828465761584831
5.25252525252525 0.849776718310541
5.33333333333333 0.87037037037037
5.41414141414141 0.890147779189714
5.4949494949495 0.909010006193967
5.57575757575758 0.926858112808526
5.65656565656566 0.943593160458787
5.73737373737374 0.959116210570144
5.81818181818182 0.973328324567994
5.8989898989899 0.986130563877733
5.97979797979798 0.997423989924755
6.06060606060606 1.00668531040432
6.14141414141414 1.01303077711097
6.22222222222222 1.01680384087791
6.3030303030303 1.01840025600356
6.38383838383838 1.01821577678633
6.46464646464647 1.01664615752464
6.54545454545455 1.0140871525169
6.62626262626263 1.01093451606154
6.70707070707071 1.00758400245697
6.78787878787879 1.00443136600161
6.86868686868687 1.00187236099388
6.94949494949495 1.00030274173219
7.03030303030303 1
7.11111111111111 1
7.19191919191919 1
7.27272727272727 1
7.35353535353535 1
7.43434343434344 1
7.51515151515152 1
7.5959595959596 1
7.67676767676768 1
7.75757575757576 1
7.83838383838384 1
7.91919191919192 1
8 1
