0 1
0.0694016697052579 0.997591704121061
0.136258593195952 0.990729358959669
0.202253901809673 0.979613746685844
0.268070044687009 0.964280586911267
0.3340322841102 0.944724025194656
0.400337873246535 0.920924697918448
0.4671418112742 0.892853773024289
0.534590745066198 0.86047131048257
0.60283816961114 0.82372329254169
0.672053409261827 0.782537934935917
0.742429389198936 0.736820905975003
0.814191635408644 0.686448719617129
0.887610346270985 0.631259183384791
0.961939366060562 0.571922104735291
1.03545472125458 0.510126890530651
1.10768316190624 0.446727834719273
1.1786244671851 0.382189127910695
1.24843152672456 0.316803960809696
1.31729144034195 0.250792741850222
1.38538608357632 0.184345138635136
1.45288200229276 0.117637779626747
1.51993030899874 0.050841848086716
1.58666951248778 -0.015873386379039
1.65322887379692 -0.08233860898168
1.71973158598586 -0.148383065035911
1.78629766842042 -0.213833317458807
1.85304665785076 -0.278511975421955
1.92010023525384 -0.342236294971727
1.98758494769201 -0.404816572712827
2.05563520540313 -0.466054245509929
2.12439677279552 -0.525739582856118
2.19403104128264 -0.583648813501138
2.26472049070282 -0.639540456113188
2.33667594751432 -0.69315050822806
2.41014659464726 -0.744185956224385
2.48543430398021 -0.792315738704359
2.56084879499363 -0.836026029926189
2.63517765588216 -0.874457704472366
2.70815698287537 -0.907494452552579
2.77986502550007 -0.935250918166955
2.85048185468763 -0.957887729545676
2.92020314134271 -0.975553544714147
2.989213343168 -0.988371379794801
3.05768026277997 -0.996438672829237
3.1257565910406 -0.999830661360582
3.19358329475409 -0.99860384537122
3.26129317306244 -0.992798714461725
3.32901415254638 -0.982441648711994
3.39687231421371 -0.967546076936474
3.46499477851546 -0.948112979162147
3.53351261583804 -0.924130776202805
3.60256397324453 -0.89557459250171
3.67229764310752 -0.862404812724775
3.74287736279741 -0.824564769726963
3.81448724579042 -0.781977284829868
3.88733893486365 -0.734539601729731
3.96168139612 -0.682115959646388
4.03781485408981 -0.624526536235644
4.11476388402813 -0.562645048399759
4.19080491269322 -0.498221336951821
4.2654846403201 -0.432146337525881
4.33882556376044 -0.364909280391104
4.41100107187989 -0.296823499703754
4.48221582328963 -0.22812778039527
4.55266684667669 -0.15902975124811
4.62253419178364 -0.089724175413548
4.69198151243218 -0.0204008436324908
4.76115947098799 0.0487516845478921
4.83020958588984 0.117543921151951
4.89926786221733 0.18578382885241
4.96846813802819 0.253275307525802
5.0379452702654 0.319816589672694
5.1078383447403 0.385198423371604
5.17829412598111 0.449201932537763
5.24947100471004 0.511596021449538
5.32154377571817 0.572134141028675
5.39470971076056 0.630550151741687
5.46919661884073 0.686552883122105
5.54527398349562 0.739818764290589
5.62326898077751 0.789981507116753
5.70170289330582 0.835582006734475
5.77907574844142 0.875532684212726
5.85503389202547 0.909658111383525
5.92964315115323 0.938071536535676
6.00309688933758 0.960946808163165
6.07561049537377 0.978446373144444
6.14738825516421 0.990703966331022
6.21861635404648 0.99782429060249
6.2894644596223 0.999886815257179
6.36008961036679 0.996949712275831
6.43064036695848 0.98905291806035
6.50126070522509 0.97622020287737
6.57209364867109 0.958460339209241
6.64328480586203 0.935767458603675
6.71498603702436 0.908120625724707
6.78735951688932 0.875482578024086
6.86058252673012 0.83779748081307
6.93485342556897 0.794987414284019
7.01039945549556 0.746947109041058
7.08748739476287 0.693536120615284
7.16643871455119 0.634567065822277
7.24688765737525 0.570415475597113
7.32655520331272 0.503249676406062
7.4047944509654 0.434178675514335
7.48158430537634 0.363801798549613
7.55710734651132 0.292492481677755
7.63159235629863 0.220528342343902
7.70526239787924 0.148147396190982
7.77832179739332 0.0755717965199517
7.85095628749326 0.00301802884217539
7.92333695701542 -0.0692983090074844
7.99562487203813 -0.141159775581539
8.0679754951197 -0.212345033041292
8.14054281191793 -0.282626902848118
8.21348333090903 -0.351770261770944
8.2869602106065 -0.419529605744774
8.36114782423355 -0.485646114444541
8.43623715087537 -0.549844004430933
8.51244252185554 -0.611825868298881
8.5900104983178 -0.671266543958938
8.66923209440922 -0.727804798819122
8.75046035730322 -0.781031659169886
8.8328960816526 -0.829781972117626
8.91441261672886 -0.872447865018482
8.99444117465043 -0.908699905666834
9.07300065097841 -0.938630101285123
9.150296158329 -0.962428659751924
9.22657130095068 -0.980279583770857
9.30206065014564 -0.992334245983696
9.37697876075949 -0.99870951635597
9.45152134807468 -0.999492046696758
9.52586986129019 -0.994742983842049
9.60019658021355 -0.984501623969492
9.67466948808927 -0.968787800808684
9.74945690515934 -0.947603100935546
9.82473211201045 -0.920930997277731
9.90067829024963 -0.888735901190647
9.97749419236785 -0.850961007350182
10.0554010857425 -0.807524639449019
10.1346517517702 -0.758314562775976
10.2155427432423 -0.703179340453416
10.2984318721676 -0.641915131661082
10.3835352748966 -0.574432562700125
10.4679658836634 -0.503373774341264
10.5508722194542 -0.430105462366737
10.6321967118783 -0.355361620876121
10.7121429707052 -0.279592421045755
10.7909756462355 -0.20312775719478
10.868954408329 -0.126248621898326
10.9463174290533 -0.0492173318590118
11.023281565791 0.0277094922443323
11.100047360549 0.104274814525983
11.176804914566 0.18021762249638
11.2537395765427 0.255270147103053
11.3310373786269 0.329155114289491
11.408890490249 0.401582651812925
11.4875030972926 0.472246576404492
11.5670982320473 0.540819759277863
11.6479262654664 0.606948154147867
11.7302761064804 0.67024285853857
11.814490760069 0.730269205188497
11.9009900301845 0.786531207740031
11.9888193712063 0.837638332939235
12.0756440720304 0.881815005329837
12.1608611134601 0.918715334570628
12.2445165114238 0.948455305018406
12.3268578400392 0.971250816055519
12.408171365709 0.987303520104675
12.4887310879511 0.996773718149284
12.5687881562303 0.999779834364549
12.6485734760441 0.996404004172529
12.7283038848304 0.986697594673381
12.8081888583886 0.970685149504595
12.8884370669752 0.948366592362366
12.9692629191269 0.919717781885041
13.0508935369526 0.884689434802782
13.1335767930928 0.843204243613063
13.2175912793808 0.795151739957666
13.3032594942248 0.740380039941671
13.3909663038652 0.678682914455419
13.4811861955156 0.609779361630016
13.5727117373334 0.534813663239346
13.6631496376067 0.456339260186273
13.7519093432968 0.375690855887443
13.8390694868623 0.293614090915022
13.924912199841 0.210596343202919
14.0097556361431 0.127019054220315
14.0939029999522 0.0432236000794596
14.1776331927962 -0.0404606616088616
14.2612048519957 -0.12370381507588
14.3448639432822 -0.206168687726324
14.4288519191814 -0.28750603857906
14.5134139047201 -0.367349936475085
14.5988072469246 -0.445312485767942
14.6853111498945 -0.520977288086934
14.7732384489116 -0.593890951318509
14.8629510891154 -0.66355164918404
14.9548818141812 -0.729393127449758
15.0495663889338 -0.790761406419325
15.1461196164095 -0.846041714706863
15.2416644470205 -0.89298785597139
15.3354703218559 -0.931156904219282
15.4276116378806 -0.960679075430816
15.5184093953545 -0.981798634407556
15.6082302363592 -0.994732814048276
15.6974257905588 -0.999640710733372
15.7863220657782 -0.99662435750244
15.8752249241831 -0.985736224791711
15.9644299397001 -0.966985665903366
16.0542332161719 -0.940342579812647
16.1449427355164 -0.905738053452726
16.236890947938 -0.863061852701998
16.3304499636135 -0.812156253368967
16.4260514629759 -0.75280500987138
16.5242147702076 -0.684715076611002
16.6255891474023 -0.60748648880319
16.7294057508634 -0.521940000163477
16.8323007302581 -0.431605242669704
16.9334346089775 -0.338363004379163
17.0329159210594 -0.243266464764817
17.131141939645 -0.147006550413791
17.2285640408151 -0.0501327971159662
17.3256195096955 0.0468495741865046
17.4227222960626 0.143437074443296
17.5202727603521 0.239106994443476
17.6186731080731 0.333303665521344
17.7183451696924 0.425425577295108
17.819750979671 0.514810043574908
17.9234185085716 0.600712773393098
18.0299767907248 0.682278965486771
18.1402079184311 0.75850035141935
18.2551300679198 0.828147842262182
18.3716072417936 0.887584529621522
18.4870467255981 0.934625002189213
18.6011037356655 0.968884964019407
18.714225097091 0.990428325715276
18.8270875302303 0.999305181638116
18.9404230563431 0.9954233667033
19.0549917488941 0.978518037131762
19.1716102973586 0.948135825196414
19.2912093172871 0.903603881982867
19.4149214517501 0.843966421496755
19.5442239030914 0.767863368641457
19.6811956164823 0.673294218110989
19.8290496138165 0.557115120176038
19.9897042793197 0.417188071797582
20 0.40781547130886
