0 1 0
0.0116863100857799 0.999931715078289 0.0116863100857799
0.0227916862757142 0.999740273729123 0.0227902073132799
0.0335502350157138 0.99943722601864 0.0335446428336399
0.0440991107902529 0.999027759670834 0.0440857155718938
0.0545206827368453 0.998514065430369 0.0544947611896377
0.0648652354343694 0.997896916121007 0.0648210268227566
0.0751638175102971 0.997176432587011 0.0750945126319973
0.0854357692071635 0.996352457846247 0.0853334990574421
0.0956932354026672 0.995424736447136 0.0955490615044112
0.105943912381338 0.994392996068841 0.105747818959632
0.11619273588804 0.993256980619784 0.115933623482674
0.126442924961176 0.99201646010344 0.126108604969399
0.136696629938358 0.990671230128688 0.136273819651184
0.146955335744188 0.989221107466189 0.146429653551794
0.157220113290913 0.987665924679746 0.156576073836055
0.16749177637822 0.986005525136508 0.166712785516368
0.177770979708029 0.984239758848207 0.176839329188632
0.188058280173649 0.982368479201012 0.18695514199314
0.198354175231741 0.980391540469649 0.197059595630921
0.208659126970015 0.978308795963009 0.207152020060796
0.2189735772461 0.976120096650907 0.217231718258821
0.229297957253735 0.97382529014377 0.227297975398736
0.239632693612217 0.971424219923589 0.237350064549668
0.249978212288265 0.968916724749085 0.247387250199425
0.26033494116816 0.966302638178422 0.257408790419877
0.27070331179125 0.963581788168606 0.267413938183905
0.281083760564301 0.960753996722563 0.277401942151762
0.291476729656525 0.957819079563484 0.287372047125072
0.301882667700421 0.954776845822098 0.297323494292047
0.312302030376917 0.951627097726859 0.307255521340903
0.322735280934206 0.948369630289928 0.317167362489408
0.333182890671519 0.94500423098385 0.327058248460325
0.343645339407759 0.941530679405145 0.336927406421215
0.354123115947892 0.93794874692194 0.346774059899995
0.364616718555642 0.934258196303279 0.356597428683205
0.375126655438328 0.930458781328146 0.36639672870122
0.385653445248053 0.92655024637238 0.376171171902889
0.396197617602473 0.922532325971788 0.385919966120981
0.406759713627784 0.918404744359759 0.39564231492917
0.417340286526275 0.914167214977664 0.40533741749082
0.427939902170658 0.909819439956241 0.415004468399548
0.43855913972733 0.905361109566083 0.424642657511371
0.449198592310785 0.900791901635195 0.434251169768076
0.459858867671492 0.89611148093148 0.443829185011395
0.470540588919678 0.891319498507804 0.453375877787449
0.48124439528762 0.88641559100714 0.462890417140885
0.491970942933249 0.88139937992506 0.472371966398042
0.502720905788092 0.876270470826642 0.481819682938457
0.513494976452812 0.871028452514577 0.491232717953923
0.524293867143883 0.865672896145017 0.500610216194259
0.535118310695247 0.860203354287374 0.509951315698895
0.545969061619117 0.854619359923968 0.519255147513279
0.556846897230481 0.848920425385027 0.528520835389043
0.567752618840243 0.843106041214164 0.537747495466765
0.578687053022414 0.837175674958966 0.546934235940079
0.58965105296125 0.831128769880875 0.556080156699761
0.600645499884799 0.824964743577946 0.565184348956308
0.61167130459192 0.818682986513471 0.574245894839391
0.62272940908055 0.812282860442777 0.583263866972413
0.633820788285725 0.805763696729723 0.592237328020249
0.644946451936744 0.799124794543602 0.601165330208052
0.656107446543801 0.792365418926162 0.610046914808822
0.66730485752547 0.785484798717442 0.618881111597194
0.678539811489655 0.778482124327879 0.627666938266664
0.689813478681914 0.77135654534285 0.636403399807199
0.701127075616623 0.764107167944257 0.645089487839838
0.712481867908114 0.75673305213211 0.653724179904568
0.723879173320874 0.749233208727106 0.662306438697356
0.735320365060044 0.741606596133049 0.670835211251766
0.746806875325957 0.733852116835496 0.679309428060105
0.758340199159233 0.725968613610188 0.687728002128462
0.769921898606175 0.717954865411674 0.696089827959374
0.781553607237844 0.709809582908858 0.70439378045512
0.793237035060389 0.701531403630046 0.71263871373382
0.804973973858979 0.693118886675305 0.720823459849555
0.816766303023249 0.684570506948402 0.728946827406677
0.828576983238778 0.675913402963986 0.73698122956288
0.840381637930615 0.667166499811404 0.744908804766306
0.852165533774801 0.6583422506054 0.752718906217536
0.863920037075048 0.649448932707569 0.760405391411141
0.875640343323512 0.640492142683055 0.767964905031947
0.887324034809663 0.631475761302647 0.775395800701394
0.898970169507735 0.622402573059974 0.782697468058687
0.910578707966046 0.61327466248643 0.789869914827279
0.92215015407603 0.604093667095784 0.79691350838975
0.933685330694546 0.594860938584656 0.803828816758728
0.945185240076767 0.585577645473453 0.810616511304636
0.9566509775407 0.576244838434202 0.817277307758214
0.968083678481811 0.566863491872207 0.823811930875051
0.97948448624091 0.557434530408825 0.830221093685967
0.990854532979926 0.547958845769642 0.836505485704805
1.00219492864564 0.538437307578287 0.8426657666086
1.01350675493933 0.528870770280004 0.848702563235746
1.02479106236413 0.519260077607377 0.854616468573045
1.03604886914553 0.509606065484684 0.860408041913804
1.0472811612743 0.499909563939672 0.86607780968556
1.05848889320535 0.490171398383506 0.871626266641571
1.06967298892391 0.480392390487701 0.877053877230914
1.08083434320158 0.470573358803104 0.88236107703639
1.09197382293436 0.460715119212945 0.887548274215051
1.10309226849785 0.450818485278349 0.892615850904136
1.11419049508184 0.44088426851339 0.897564164572174
1.12526929398273 0.430913278613266 0.90239354930527
1.13632943384298 0.420906323650631 0.907104317024709
1.14737166183237 0.410864210249717 0.911696758635574
1.15839670476996 0.400787743744426 0.916171145108099
1.16940527018768 0.390677728324421 0.920527728494568
1.18039804733763 0.380534967171846 0.924766742885073
1.19137570814595 0.370360262590454 0.928888405305656
1.20233890811621 0.360154416128328 0.93289291656231
1.21328828718551 0.349918228695067 0.936780462034256
1.22422447053642 0.33965250067404 0.940551212419679
1.23514806936754 0.329358032030186 0.944205324436944
1.24605968162566 0.319035622413736 0.947742941484119
1.25695989270212 0.308686071260168 0.951164194259372
1.26784927609568 0.298310177886648 0.954469201344696
1.27872839404452 0.28790874158521 0.957658069755148
1.28959779812912 0.277482561712877 0.960730895455691
1.30045802984838 0.26703243777892 0.963687763847512
1.31130962117063 0.256559169529443 0.966528750225576
1.32215309506126 0.246063557029458 0.969253920209035
1.33298896598877 0.23554640074263 0.971863330145963
1.34381774041051 0.225008501608831 0.97435702749381
1.35463991723968 0.214450661119672 0.976735051176831
1.36545598829489 0.203873681392135 0.978997431921659
1.37626643873346 0.193278365240478 0.981144192572102
1.38707174746968 0.182665516246513 0.983175348384155
1.39787238757911 0.172035938828416 0.985090907302146
1.4086688266899 0.161390438308177 0.986890870216852
1.41946152736226 0.150729820977836 0.98857523120636
1.43025094745673 0.140054894164602 0.990143977760395
1.44103754049245 0.129366466294994 0.991597090988748
1.45182175599597 0.118665346958109 0.992934545814424
1.46260403984158 0.107952346968138 0.994156311152033
1.47338483458384 0.0972282784262396 0.995262350071935
1.48416457978298 0.086493954781884 0.996252619950588
1.49494371232406 0.0757501908937797 0.997127072607494
1.50572266673027 0.0649978030904884 0.997885654429121
1.51650187547122 0.0542376092308417 0.99852830648012
1.52728176926684 0.0434704287642671 0.999054964602124
1.53806277738735 0.0326970827911313 0.999465559500383
1.54884532795002 0.0219183941232124 0.999760016818446
1.55962984821328 0.0111351873444093 0.999938257201079
1.57041676486864 0.000348288871800715 1.00000019634556
1.58120650433113 -0.0104414729828353 0.999945745041482
1.59199949302868 -0.0212332679509262 0.999774809199122
1.60279615769109 -0.0320262637443192 0.99948728986647
1.61359692563896 -0.0428196259916881 0.999083083234905
1.62440222507341 -0.0536125181740096 0.998562080633537
1.63521248536677 -0.06440410155899 0.997924168512159
1.64602813735511 -0.0751935351343128 0.997169228412757
1.65684961363294 -0.0859799755395783 0.996297136929471
1.66767734885076 -0.096762576996803 0.995307765656876
1.67851178001594 -0.107540491239339 0.994200981126428
1.68935334679762 -0.118312867439068 0.992976644730875
1.70020249183606 -0.129078852131735 0.991634612636404
1.71105966105721 -0.139837589140241 0.990174735682272
1.72192530399302 -0.15058821949577 0.988596859267608
1.73279987410819 -0.161329881356549 0.986900823225062
1.74368382913398 -0.172061709924098 0.985086461680924
1.75457763140985 -0.18278283735676 0.983153602901294
1.76548174823354 -0.19349239268034 0.981102069123856
1.7763966522205 -0.204189501695648 0.978931676374737
1.78732282167331 -0.21487328688273 0.976642234269925
1.79826074096204 -0.225542867301573 0.974233545800617
1.80921090091632 -0.236197358489047 0.971705407101874
1.82017379923012 -0.246835872351846 0.969057607203847
1.83114994088022 -0.257457517055154 0.966289927764818
1.84213983855928 -0.26806139690678 0.963402142785219
1.85314401312476 -0.278646612236458 0.960394018301719
1.86416299406471 -0.289212259270013 0.9572653120604
1.87519731998175 -0.299757429998057 0.954015773167967
1.88624753909648 -0.310281212038888 0.950645141719846
1.89731420977176 -0.320782688495193 0.947153148403923
1.90839790105933 -0.331260937804197 0.943539514078597
1.91949919327033 -0.341715033580811 0.939803949323688
1.93061867857154 -0.35214404445335 0.935946153962647
1.94175696160893 -0.362547033891341 0.931965816554359
1.95291466016077 -0.372923060024903 0.927862613852725
1.9640924058222 -0.383271175455171 0.92363621023203
1.97529084472354 -0.393590427055159 0.919286257075956
1.98651063828493 -0.403879855760457 0.914812392127905
1.99775246400973 -0.414138496349064 0.910214238800128
2.00901701631969 -0.424365377209663 0.905491405438914
2.02030500743482 -0.434559520097534 0.900643484542872
2.03161716830148 -0.444719939877285 0.895670051931085
2.04295424957201 -0.454845644251482 0.890570665857628
2.05431702264015 -0.464935633474214 0.885344866068638
2.06570628073619 -0.474988900048537 0.879992172797779
2.07712284008672 -0.485004428406644 0.874512085695566
2.08856754114383 -0.494981194571541 0.86890408268762
2.10004124988942 -0.50491816579887 0.863167618756438
2.11154485922045 -0.514814300197441 0.857302124640773
2.12307929042181 -0.524668546326873 0.851307005446173
2.13464549473399 -0.534479842770628 0.845181639159565
2.1462444550233 -0.544247117682554 0.838925375060128
2.15787718756345 -0.553969288304889 0.832537532017884
2.16954474393787 -0.563645260455475 0.82601739667062
2.18124821307327 -0.573273927981737 0.819364221468755
2.19298872341598 -0.582854172178718 0.81257722257673
2.20476744526382 -0.592384861168231 0.80565557761827
2.21658559326756 -0.601864849235864 0.798598423251547
2.22844442911761 -0.611292976122269 0.79140485255872
2.24034526443324 -0.620668066264766 0.784073912232657
2.25228946387363 -0.629988927984928 0.776604599541698
2.26427844849214 -0.639254352617275 0.768995859051129
2.27631369935774 -0.648463113573767 0.76124657907758
2.28839676147043 -0.657613965338092 0.753355587849752
2.3005292480005 -0.666705642383171 0.745321649345663
2.31271284488521 -0.675736858004452 0.737143458772973
2.3249493158209 -0.684706303060762 0.728819637654775
2.33724050769287 -0.693612644613446 0.720348728478446
2.34958835649135 -0.702454524453417 0.711729188859658
2.36199489376791 -0.711230557504444 0.702959385167333
2.37446225369426 -0.719939330089482 0.694037585547961
2.38699268079363 -0.728579398045169 0.684961952279279
2.39955368394036 -0.737125730091554 0.675756227930338
2.41211442803573 -0.745555582133392 0.666444072464008
2.42465619854765 -0.753855334291018 0.657041070953075
2.43716796773777 -0.76201707461568 0.647557578967993
2.44964354179011 -0.770036426996336 0.638000585610544
2.46207974354868 -0.777911184425233 0.628374920940259
2.47447526267241 -0.785640455177924 0.618684033421238
2.48682993159997 -0.793224132348875 0.608930488402826
2.49914427144203 -0.80066256589329 0.599116286853566
2.5114192082608 -0.807956360916204 0.589243068798226
2.52365589658514 -0.815106254400924 0.57931224302052
2.5358556102602 -0.822113040534041 0.569325069708566
2.54801967549066 -0.828977526053838 0.559282713111916
2.5601494302664 -0.835700504088348 0.549186275107575
2.57224620024131 -0.842282739333875 0.539036816621585
2.58431128483765 -0.848724960150184 0.528835371329081
2.5963459496747 -0.855027854840093 0.518582954446453
2.60835142288115 -0.861192070429735 0.508280568404182
2.62032889376727 -0.867218212914882 0.497929206536667
2.63227951290763 -0.873106848340165 0.487529855510634
2.6442043930448 -0.878858504325873 0.477083496950184
2.65610461044983 -0.8844736718098 0.466591108549162
2.66798120651617 -0.88995280686556 0.45605366485534
2.67983518945131 -0.895296332516392 0.445472137843467
2.69166753598513 -0.900504640498626 0.434847497351526
2.70347919304796 -0.905578092950297 0.424180711427429
2.71527107939197 -0.910517024013207 0.413472746616195
2.72704408714256 -0.915321741344324 0.402724568206801
2.73879908327419 -0.919992527536779 0.39193714045096
2.7505369110094 -0.924529641453215 0.381111426761754
2.76225839114277 -0.928933319475473 0.370248389897228
2.77396432329293 -0.93320377667523 0.359348992132341
2.78565548708643 -0.937341207910332 0.348414195421522
2.7973326432776 -0.941345788851532 0.337444961553374
2.80899653480872 -0.945217676944117 0.32644225229862
2.82064788781451 -0.948957012308697 0.31540702955209
2.83228741257492 -0.95256391858509 0.304340255469356
2.84391580441994 -0.956038503722984 0.293242892598499
2.85553374458995 -0.959380860722771 0.28211590400742
2.86714190105474 -0.96259106832966 0.270960253407027
2.87874092929439 -0.965669191683951 0.259776905270631
2.89033147304477 -0.968615282930099 0.248566824949806
2.90191416501016 -0.971429381786982 0.237330978786995
2.91348962754571 -0.974111516081607 0.226070334225098
2.92505847331165 -0.97666170224828 0.214785859914279
2.93662130590175 -0.979079945795109 0.203478525816209
2.94817872044765 -0.981366241739555 0.19214930330597
2.95973130420121 -0.983520575014599 0.180799165271815
2.9712796370964 -0.985542920846958 0.169429086213
2.98282429229252 -0.987433245108669 0.158040042335863
2.99436583670016 -0.989191504643229 0.146633011648365
3.00590483149138 -0.990817647567401 0.135208974053259
3.01744183259561 -0.992311613549664 0.123768911440083
3.02897739118231 -0.993673334066218 0.112313807776153
3.04051205413189 -0.994902732635365 0.100844649196736
3.05204636449587 -0.99599972503099 0.0893624240945752
3.06358086194754 -0.996964219475807 0.0778681232089457
3.07511608322415 -0.997796116814964 0.0663627397144179
3.08665256256158 -0.998495310670501 0.054847269309496
3.09819083212273 -0.999061687577152 0.0433227103053093
3.10973142242031 -0.999495127099833 0.0317900637145318
3.12127486273521 -0.99979550193319 0.0202503333407047
3.1328216815313 -0.999962677983444 0.00870452586813997
3.14437240686753 -0.999996514432771 -0.00284634904741379
3.15592756680828 -0.999896863786352 -0.0144012786871614
3.1674876898328 -0.999663571902225 -0.0259592471765196
3.17905330524468 -0.999296478003965 -0.0375192353910543
3.19062494358222 -0.998795414676199 -0.0490802208609003
3.20220313703048 -0.998160207842905 -0.0606411776734647
3.21378841983604 -0.997390676728381 -0.0722010763742059
3.22538132872526 -0.996486633800715 -0.0837588838652773
3.23698240332702 -0.995447884697551 -0.0953135633018132
3.24859218660079 -0.994274228133871 -0.106864073985631
3.26021122527104 -0.992965455791458 -0.118409371256111
3.27184007026893 -0.991521352189664 -0.129948406378003
3.28347927718228 -0.989941694537017 -0.141480126425917
3.29512940671481 -0.988226252563173 -0.153003474165202
3.3067910251559 -0.986374788330613 -0.164517387928955
3.31846470486165 -0.98438705602545 -0.17602080149086
3.33015102474879 -0.98226280172663 -0.187512643933524
3.34185057080236 -0.980001763152704 -0.198991839512018
3.3535639365986 -0.977603669385325 -0.21045730751224
3.36529172384426 -0.975068240568471 -0.221907962103767
3.37703454293396 -0.972395187582361 -0.233342712186789
3.38879301352687 -0.96958421169089 -0.244760461232717
3.40056776514441 -0.966635004161326 -0.256160107118047
3.41235943779068 -0.96354724585489 -0.267540541951001
3.42416868259733 -0.96032060678672 -0.278900651890458
3.43599616249491 -0.956954745653588 -0.290239316956666
3.44784255291258 -0.953449309327593 -0.301555410833154
3.45970854250852 -0.949803932313905 -0.312847800659277
3.47159483393329 -0.946018236170455 -0.324115346812732
3.48350214462868 -0.942091828887309 -0.335356902681378
3.4954312076648 -0.938024304223226 -0.346571314423634
3.50738277261822 -0.933815240996725 -0.357757420716658
3.51935760649442 -0.929464202328727 -0.368914052491482
3.53135649469783 -0.924970734833573 -0.38004003265418
3.54338024205325 -0.920334367754966 -0.391134175792119
3.55542967388248 -0.915554612043043 -0.402195287864217
3.56750563714056 -0.910630959368455 -0.413222165874095
3.57960900161629 -0.905562881068965 -0.424213597524889
3.5917406612021 -0.900349827023652 -0.435168360854393
3.60390153523877 -0.894991224449351 -0.446085223849108
3.61609256994106 -0.88948647661346 -0.456962944035632
3.62831473991095 -0.883834961456693 -0.467800268047696
3.64056904974546 -0.878036030118726 -0.478595931167013
3.65285653574717 -0.872089005359005 -0.489348656835938
3.665178267746 -0.865993179864223 -0.500057156139744
3.67753535104169 -0.859747814433126 -0.510720127256132
3.68992892847758 -0.853352136028344 -0.521336254869375
3.70236018265705 -0.846805335683905 -0.531904209546222
3.71483033831544 -0.840106566255888 -0.542422647070443
3.72734066486138 -0.833254940002355 -0.55289020773256
3.73989247910311 -0.826249525977196 -0.563305515570988
3.75248714817707 -0.81908934722084 -0.573667177560397
3.76512609269766 -0.81177337772891 -0.583973782742709
3.77781079014974 -0.804300539177734 -0.59422390129561
3.79054277854726 -0.796669697383202 -0.604416083532961
3.8033236603847 -0.788879658466736 -0.614548858830821
3.81615510691081 -0.780929164698967 -0.624620734472143
3.82903886275789 -0.7728168899882 -0.634630194402368
3.84197675096371 -0.76454143497663 -0.644575697887279
3.85497067842832 -0.756101321702643 -0.654455678063414
3.86802264185274 -0.74749498778218 -0.664268540370199
3.88113473421323 -0.73872078005598 -0.674012660851598
3.89430915183171 -0.729776947642411 -0.683686384313546
3.90754820211129 -0.7206616343274 -0.693288022321665
3.9208543120152 -0.711372870213412 -0.70281585102171
3.93423003737907 -0.701908562538348 -0.712268108762845
3.94767807315884 -0.692266485562255 -0.721642993501078
3.9612012647325 -0.682444269404567 -0.73093865995702
3.97475800175454 -0.672472414661769 -0.740123209625346
3.9883140789643 -0.66237745809113 -0.749171292404146
4.00184882598804 -0.652176943914054 -0.758067783622473
4.01535015529706 -0.641882579800463 -0.76680394677852
4.02881137274536 -0.631502309166755 -0.775374993646454
4.04222914490669 -0.621041657395013 -0.783778549807626
4.05560221282326 -0.610504600399322 -0.792013697006314
4.06893058231812 -0.599894122523465 -0.800080379090523
4.08221501653701 -0.589212573842286 -0.807979035529979
4.09545671929998 -0.578461898555639 -0.815710376687393
4.10865713853289 -0.567643780808942 -0.823275247056465
4.12181784507392 -0.556759737737419 -0.830674542911632
4.13494045868175 -0.545811178831741 -0.837909163503224
4.14802660352683 -0.534799443836639 -0.844979982853915
4.16107788204028 -0.523725826977622 -0.851887834143659
4.1740958601448 -0.51259159248545 -0.858633501733097
4.18708205950031 -0.501397984583475 -0.865217717774451
4.20003795403503 -0.490146233952128 -0.871641161534723
4.21296496905984 -0.478837561951539 -0.877904460282905
4.22586448190783 -0.467473183416548 -0.88400819104166
4.23873782344403 -0.456054308541443 -0.889952882780414
4.25158628004226 -0.444582144183038 -0.895739018796822
4.26441109578355 -0.433057894790806 -0.901367039137735
4.27721347472834 -0.421482763096633 -0.90683734297441
4.28999458317558 -0.409857950648441 -0.912150290885273
4.30275555185951 -0.398184658241285 -0.917306207022778
4.31549747805768 -0.386464086280061 -0.922305381154689
4.32822142759817 -0.374697435095661 -0.927148070578122
4.34092843676195 -0.362885905228575 -0.931834501909238
4.35361951408159 -0.351030697688985 -0.93636487275386
4.36629564203998 -0.33913301419928 -0.940739353265475
4.37895777867447 -0.327194057422878 -0.944958087597436
4.39160685909215 -0.315215031182009 -0.949021195256209
4.40424379690259 -0.303197140666302 -0.952928772362231
4.41686948557386 -0.291141592633476 -0.956680892824557
4.42948479971773 -0.279049595603137 -0.960277609435084
4.44209059630947 -0.266922360044439 -0.963718954887648
4.45468771584749 -0.254761098558249 -0.967004942726904
4.4672769834574 -0.242567026054346 -0.970135568231458
4.47985920994519 -0.230341359924129 -0.973110809235332
4.49243519280358 -0.218085320209267 -0.975930626891508
4.50500571717532 -0.205800129766691 -0.978594966380924
4.51757155677716 -0.1934870144303 -0.981103757570043
4.53013347478779 -0.181147203169743 -0.98345691561977
4.5426922247028 -0.168781928246633 -0.985654341548295
4.55524855115969 -0.156392425368518 -0.987695922750161
4.56780319073556 -0.143979933840944 -0.989581533473642
4.58035687272021 -0.131545696717941 -0.991311035258324
4.59291031986684 -0.119090960951241 -0.992884277334593
4.60546424912289 -0.106616977538547 -0.994301096986528
4.61801937234308 -0.0941250016711684 -0.995561319879581
4.63057639698671 -0.0816162928813415 -0.996664760354226
4.64313602680127 -0.0690921151895329 -0.997611221686637
4.65569896249425 -0.0565537372520555 -0.998400496317321
4.66826590239495 -0.0440024325093055 -0.999032366048485
4.68083754310817 -0.0314394793349419 -0.999506602210799
4.69341458016138 -0.0188661611863342 -0.9998229658001
4.70599770864722 -0.0062837667566059 -0.999981207584462
4.71858762386287 0.00630640987138717 -0.999981068181949
4.73118502194802 0.0189030690688005 -0.99982227810924
4.743790600523 0.0315049055019119 -0.999504557801239
4.75640505932882 0.0441106079702355 -0.999027617601636
4.76902910087058 0.0567188592412623 -0.998391157724316
4.78166343106611 0.0693283358814362 -0.997594868185373
4.79430875990126 0.081937708082962 -0.996638428705393
4.80696580209383 0.0945456394860219 -0.995521508581559
4.81963527776753 0.107150786995961 -0.994243766529012
4.83231791313809 0.119751800594982 -0.992804850490792
4.84501444121313 0.132347323147861 -0.991204397415538
4.85772560250773 0.144935990201183 -0.989442033002049
4.87045214577779 0.157516429775559 -0.987517371409616
4.8831948287731 0.170087262150258 -0.985430014932936
4.89595441901236 0.182647099639658 -0.983179553640266
4.90873169458244 0.195194546360887 -0.980765564973296
4.92152744496424 0.207728197991977 -0.978187613307089
4.93434247188765 0.220246641519817 -0.975445249468223
4.94717759021842 0.232748454977156 -0.972538010209104
4.96003362887972 0.245232207167824 -0.969465417636198
4.97291143181139 0.257696457379333 -0.966226978589727
4.98581185897036 0.270139755081898 -0.96282218397209
4.99873578737541 0.28256063961292 -0.959250508022084
5.01168411220041 0.29495763984584 -0.955511407531627
5.02465774791973 0.307329273842227 -0.951604321001448
5.03765762951042 0.319674048485873 -0.947528667731839
5.05068471371581 0.331990459097567 -0.943283846844185
5.06373998037557 0.344276989029102 -0.93886923622861
5.0768244338278 0.356532109234993 -0.934284191412608
5.0899391043892 0.368754277820199 -0.929528044345041
5.10308504991978 0.380941939562071 -0.924600102089357
5.11626335747925 0.39309352540452 -0.919499645419262
5.12947514508294 0.405207451922298 -0.914225927309437
5.14272156356557 0.417282120753037 -0.908778171313135
5.15600379856241 0.429315917994538 -0.903155569817697
5.16932307261779 0.441307213564507 -0.897357282168106
5.18268064743239 0.453254360519752 -0.891382432647682
5.19607782626154 0.465155694331492 -0.885230108303901
5.20951595647809 0.477009532113178 -0.878899356606045
5.22299643231502 0.488814171796825 -0.872389182919978
5.23652069780423 0.500567891253479 -0.865698547783751
5.25009024993007 0.512268947352985 -0.858826363965936
5.26370664201796 0.523915574957742 -0.851771493286587
5.27737148738078 0.535505985844541 -0.844532743178431
5.29108646324848 0.547038367547987 -0.837108862963312
5.30485331500898 0.558510882118256 -0.829498539815983
5.31867386079213 0.569921664785161 -0.821700394384022
5.33254999643197 0.581268822519571 -0.813712976028819
5.34648370084719 0.592550432482201 -0.805534757648307
5.36047704188442 0.603764540348595 -0.79716413003708
5.37453218267489 0.614909158497793 -0.788599395733907
5.38865138856146 0.625982264050629 -0.779838762300081
5.40283703466069 0.63698179674181 -0.770880334964453
5.41709161413339 0.647905656607938 -0.761722108562332
5.43141774724725 0.658751701471245 -0.752361958685207
5.44581819132717 0.669517744196127 -0.742797631946497
5.46029585170252 0.680201549692376 -0.733026735254743
5.47485379377704 0.690800831635374 -0.723046723969489
5.48949525636612 0.701313248869191 -0.71285488879616
5.50422366646857 0.711736401453511 -0.702448341253867
5.51904265566684 0.722067826309393 -0.691823997523552
5.53395607838123 0.732304992411869 -0.680978560452453
5.54892040482312 0.742413384971664 -0.669943863363541
5.56389193758194 0.752360266678868 -0.658753714165568
5.57884426335889 0.762126063457719 -0.647430538898664
5.59376195375842 0.771699430982793 -0.635989339456072
5.60863648982105 0.781074107394997 -0.624440311539996
5.62346365771565 0.790246931151801 -0.61279055460018
5.63824189832263 0.799216603868732 -0.60104517968855
5.65297126768989 0.807982923578584 -0.589208023451005
5.66765278560573 0.816546312596224 -0.577282106681211
5.68228802946009 0.824907528824842 -0.565269928146092
5.69687888253978 0.833067490780168 -0.553173652585076
5.71142737926047 0.841027172836042 -0.540995230903545
5.7259356110729 0.848787543659291 -0.528736477003623
5.74040567023008 0.856349531083624 -0.516399116922687
5.7548396170904 0.863714003069756 -0.50398482030532
5.76923946197811 0.870881758369268 -0.49149522061331
5.78360715598334 0.877853522968608 -0.478931928160055
5.79794458719477 0.884629949909701 -0.466296538574133
5.81225358018145 0.891211621021714 -0.453590638351031
5.82653589736959 0.897599049676212 -0.440815808548949
5.84079324147915 0.903792684032975 -0.427973627300401
5.85502725850874 0.9097929104612 -0.415065671566779
5.86923954095938 0.915600056953506 -0.402093518407464
5.88343163111335 0.921214396430713 -0.389058745936167
5.8976050242616 0.92663614988384 -0.375962934074372
5.91176117182128 0.931865489328601 -0.36280766517184
5.92590148431387 0.936902540564612 -0.349594524538816
5.94002733419195 0.941747385741063 -0.336325100918534
5.95414005851315 0.946400065735851 -0.323000986918406
5.96824096146548 0.950860582357761 -0.309623779411819
5.98233131675172 0.955128900382301 -0.296195079918401
5.99641236984195 0.959204949431964 -0.282716494967965
6.01048534010391 0.963088625711341 -0.269189636451734
6.02455142282112 0.966779793606911 -0.255616121963384
6.03861179110797 0.970278287160608 -0.241997575131758
6.05266759773104 0.973583911425498 -0.228335625946719
6.066719976845 0.976696443711181 -0.214631911079291
6.08077004565108 0.979615634725761 -0.200888074197092
6.09481890598549 0.982341209620602 -0.18710576627594
6.1088676458448 0.984872868943422 -0.173286645908442
6.12291734085463 0.9872102895047 -0.159432379610322
6.13696905568773 0.989353125161852 -0.145544642125232
6.1510238454372 0.991301007525102 -0.131625116728754
6.16508275694998 0.993053546588538 -0.117675495532297
6.17914683012586 0.994610331289394 -0.103697479787606
6.19321709918662 0.995970929998225 -0.0896927801925741
6.20729459392001 0.997134890942227 -0.075663117199081
6.22138034090276 0.998101742563652 -0.0616102213235732
6.23547536470699 0.998870993814884 -0.0475358334611262
6.24958068909395 0.999442134391462 -0.0334417052037379
6.26369733819925 0.999814634903993 -0.0193295991636292
6.27782633771321 0.999987946989638 -0.00520128930234531
6.29196871606052 0.999961503363529 0.00894143873351663
6.30612550558271 0.999734717810211 0.0230967872690979
6.3202977437275 0.999306985114911 0.0372629462496974
6.33448647424868 0.998677680934151 0.0514380928798873
6.34869274842066 0.997846161604935 0.0656203912523518
6.36291762627139 0.99681176389145 0.0798079919654229
6.37716217783791 0.995573804667921 0.0939990317282345
6.39142748444876 0.994131580535946 0.108191632952353
6.40571464003736 0.992484367374315 0.122383903328679
6.4200247524912 0.990631419818984 0.136573935388331
6.43435894504142 0.98857197067051 0.150759806046152
6.44871835769777 0.986305230225877 0.164939576125384
6.46310414873437 0.983830385531237 0.179111289861946
6.4775174962317 0.981146599551654 0.193272974386657
6.491959599681 0.978253010253478 0.207422639183614
6.50643168165728 0.975148729594458 0.221558275522799
6.5209349895679 0.971832842416151 0.235677855864853
6.53547079748412 0.968304405232608 0.24977933323577
6.5500404080635 0.964562444908617 0.263860640569113
6.56464515457182 0.960605957220104 0.277919690013121
6.57928640301386 0.956433905288474 0.291954372199883
6.59396555438324 0.952045217879797 0.305962555473499
6.60868404704233 0.947438787558787 0.319942085073865
6.62344335924451 0.94261346868644 0.333890782272442
6.63824501181185 0.93756807524899 0.347806443456009
6.65309057098304 0.932301378504513 0.361686839154044
6.66798165144736 0.926812104432042 0.37552971300495
6.68291991958254 0.921098930966332 0.389332780655878
6.69790709691602 0.915160484999613 0.403093728590387
6.71294496383114 0.908995339129497 0.416810212877584
6.72803536354232 0.902602008129877 0.430479857835742
6.74318020636582 0.895978945118963 0.444100254602652
6.75838147431583 0.889124537395561 0.457668959604131
6.7736412260589 0.88203710191126 0.471183492911177
6.78896160226386 0.874714880342292 0.484641336475196
6.80434483138859 0.867156033720362 0.498039932229511
6.81979323595044 0.859358636576634 0.511376680044016
6.83530923933263 0.85132067054724 0.524648935518257
6.850895373186 0.843040017381971 0.537854007596438
6.86655428549295 0.834514451290066 0.550989155985836
6.88228874936967 0.825741630548121 0.564051588357721
6.89810167269297 0.816719088284806 0.577038457307218
6.9139961086501 0.807444222345071 0.589946857045402
6.92997526732421 0.797914284122558 0.602773819793318
6.94604252844426 0.788126366232605 0.615516311843426
6.96220145544771 0.778077388879061 0.628171229249058
6.97845581102707 0.767764084745604 0.64073539309678
6.99480957435793 0.757182982215606 0.653205544309805
7.01126696023829 0.746330386693067 0.665578337922711
7.02783244040657 0.735202359759533 0.677850336758329
7.04451076735112 0.723794695857038 0.690018004426562
7.06130700097838 0.712102896133216 0.7020776975516
7.07822653857229 0.700122139019718 0.714025657118101
7.09527514855712 0.687847247036338 0.725857998807746
7.11245900867251 0.675272649217356 0.737570702174391
7.12971008271215 0.662448282004542 0.749110130286419
7.14697555830297 0.649415802529285 0.76043596132037
7.16422383120736 0.636202993993936 0.771524146352026
7.18143677039705 0.622828546989706 0.782360774177799
7.19860470421571 0.609305243391239 0.792938157746891
7.21572321422366 0.595642047166686 0.803252373012902
7.23279110398754 0.581845465117077 0.813301726939239
7.24980912130069 0.567920427267102 0.823085811796922
7.26677915934533 0.553870854242357 0.832604926026145
7.28370376050594 0.539700021972931 0.841859722766763
7.30058581059166 0.525410795739366 0.850850999036779
7.31742835241 0.511005780247538 0.859579571367527
7.33423447388148 0.496487415859247 0.868046204297996
7.35100724251927 0.481858040355913 0.876251570973335
7.36774966859986 0.467119928668874 0.884196233068543
7.38446468596424 0.452275318539492 0.891880632196506
7.40115514354558 0.43732642720168 0.899305088008977
7.41782380332744 0.422275462339765 0.906469800077745
7.43447334207038 0.40712462939739 0.913374851797615
7.45110635516677 0.391876136560853 0.920020215260125
7.46772536162172 0.37653219826016 0.926405756478777
7.48433280955494 0.36109503772487 0.932531240608924
7.50093108186507 0.345566888936782 0.938396336963866
7.51752250185028 0.32994999819744 0.944000623723495
7.53410933867232 0.314246625449459 0.949343592287709
7.55069381260826 0.298459045440601 0.954424651259216
7.56727810006819 0.282589548787679 0.959243130058383
7.58386433837734 0.266640442977225 0.963798282182363
7.60045463033261 0.250614053327085 0.968089288125209
7.61705104854958 0.234512723925028 0.972115257977211
7.63365563961939 0.218338818555391 0.975875233721551
7.65027042809596 0.202094721621572 0.979368191245306
7.66689742033416 0.185782839070213 0.98259304208029
7.68353860819929 0.169405599321666 0.985548634887479
7.70019597266734 0.152965454210637 0.988233756696976
7.71687148733505 0.13646487994044 0.99064713391365
7.73356712185759 0.119906378054098 0.992787433096887
7.75028484533142 0.103292476425433 0.994653261521185
7.76702662963909 0.0866257302733013 0.996243167522761
7.78379445277222 0.0699087232021829 0.997555640635757
7.80059030214879 0.0531440682724639 0.998589111520197
7.81741617794052 0.0363344091039136 0.999341951682324
7.83427409642605 0.0194824210160356 0.999812472986569
7.85116609338588 0.00259081220921008 0.999998926956934
7.8680942275551 -0.0143376750092016 0.99989950386414
7.8850605841504 -0.031300262949326 0.999512331593398
7.90206727848841 -0.0482941372090252 0.99883547428616
7.91911645971312 -0.0653164452847579 0.997866930747588
7.93621031465083 -0.082364295117475 0.996604632609814
7.95335107181254 -0.0994347535675043 0.995046442239274
7.97054100556434 -0.116524844811862 0.993190150374484
7.98778244048856 -0.133631548656841 0.991033473478533
8.00507775595943 -0.150751798758088 0.988574050788326
8.02242939095949 -0.167882480739618 0.985809441040121
8.03983984916516 -0.185020430202439 0.982737118848162
8.05731170433215 -0.202162430612489 0.979354470710189
8.07484760601504 -0.21930521105658 0.97565879061022
8.09245028565801 -0.236445443853857 0.97164727518522
8.11012256309837 -0.253579742008944 0.967317018418055
8.12786735352839 -0.270704656491471 0.962665005814301
8.14568767496645 -0.287816673324962 0.957688108015125
8.16358665629438 -0.304912210466119 0.952383073792279
8.18156754592432 -0.321987614453358 0.946746522364279
8.19963372116663 -0.339039156800925 0.940774934964861
8.21778869837895 -0.35606303011204 0.934464645585673
8.23603614398705 -0.373055343881239 0.927811830804635
8.25437988647998 -0.390012119952272 0.920812498599331
8.27282392949585 -0.406929287593548 0.913462476030754
8.29137246613077 -0.423802678148064 0.905757395666523
8.3100298946222 -0.440628019208891 0.897692680593764
8.32880083558 -0.457400928264459 0.889263527849793
8.34769015096413 -0.474116905749913 0.880464890072861
8.36670296503856 -0.490771327431504 0.871291455144838
8.38584468756658 -0.507359436039975 0.86173762356179
8.40512103955546 -0.523876332055983 0.851797483225903
8.42453808190894 -0.540316963535265 0.841464781301596
8.44410224740682 -0.556676114843003 0.830732892718265
8.46382037650331 -0.572948394145054 0.819594784829567
8.48369975752406 -0.589128219477584 0.808042977651776
8.5037481719475 -0.605209803185093 0.796069498997911
8.52397394558621 -0.621187134478582 0.78366583369549
8.54438600664231 -0.637053959819105 0.770822865918087
8.56499395180615 -0.652803760774813 0.757530813466843
8.5858081218097 -0.668429728929353 0.743779152597841
8.60683968814748 -0.68392473733217 0.729556531691944
8.6281007530563 -0.699281307872401 0.714850671688324
8.64960446532347 -0.714491573821025 0.699648250728693
8.67136515510237 -0.729547236612373 0.683934769855756
8.69339849169597 -0.744439515714397 0.667694395834977
8.71561271802603 -0.759088150169734 0.650992503749003
8.73792131467665 -0.773421990336072 0.633896321530731
8.76027346096407 -0.787397725700434 0.616450326914031
8.78264114353541 -0.800989318186637 0.598683855403046
8.80501071845477 -0.814181214863897 0.580616274773624
8.82737749217983 -0.826964071439715 0.562260434572498
8.84974228736476 -0.839332093774643 0.543624935634949
8.87210928959687 -0.851281402223097 0.524715609720566
8.89448471110451 -0.862809034106895 0.505536477600047
8.91687597147386 -0.873912340349777 0.486090365825252
8.93929120379505 -0.884588623417129 0.466379301424613
8.96173896488013 -0.894834921572124 0.446404762621387
8.9842280731444 -0.904647880757674 0.42616783635725
9.00676752629724 -0.914023677989366 0.405669315456379
9.02936646904248 -0.92295797409511 0.384909756552746
9.05203419237094 -0.931445882208333 0.363889512293292
9.07478015319752 -0.939481943654535 0.342608746396915
9.097614007615 -0.947060106038743 0.321067436952876
9.12054565389937 -0.954173700232662 0.299265371265535
9.14358528323408 -0.960815414061178 0.277202134192741
9.16674343731905 -0.966977261095876 0.254877091020468
9.19003107284881 -0.972650543258457 0.232289365295137
9.21345963344347 -0.977825806026554 0.209437811584659
9.23704113010497 -0.982492784979165 0.186320982783739
9.2607882317227 -0.986640342249897 0.162937091265396
9.28471436762429 -0.990256391184031 0.139283962868795
9.30883384470782 -0.993327807115351 0.115358982369581
9.33316198235015 -0.995840321672451 0.0911590286696146
9.35771526912032 -0.997778397359389 0.0666803974309217
9.38251154640944 -0.999125078282289 0.0419187082167808
9.40757022551878 -0.999861811738852 0.0168687923277144
9.43291254666574 -0.999968233845372 -0.00847544365754696
9.45856189097534 -0.999421910290367 -0.0341211852361057
9.48454416012297 -0.998198020444809 -0.0600769170652728
9.51088824333575 -0.996268969078877 -0.0863526817664689
9.53762659864288 -0.993603904300776 -0.112960406965363
9.56479598569393 -0.990168112206992 -0.139914323709063
9.59243840292184 -0.985922246768375 -0.167231509299114
9.62060230528001 -0.980821335446161 -0.194932602722054
9.64934421531903 -0.974813473141097 -0.223042764652372
9.67873089902597 -0.9678380726284 -0.251592992540058
9.70884237534452 -0.95982346631453 -0.280621965934464
9.73977619702993 -0.95068352828641 -0.310178710125533
9.77165374681197 -0.940312759084241 -0.340326573206861
9.8046298817999 -0.928578844040085 -0.371149413787894
9.8389084742375 -0.91531081431281 -0.402761735184337
9.87476913756141 -0.900278972343884 -0.435326414920319
9.91261737492606 -0.883157814966235 -0.469088586994017
9.95309109484953 -0.863448694751899 -0.504449056876987
9.9973352544756 -0.840284650033252 -0.542157877725264
10 -0.838836953879575 -0.544395097589709


