0 5490000 978 9643
0.1 5489980.34579067 991.090861212943 9649.56334812121
0.232868336019579 5489953.8246867 1008.75544160732 9658.41987169604
0.391757642445659 5489921.48923424 1030.29265468409 9669.21811107928
0.569625088504834 5489884.47280072 1054.94758399797 9681.57961528244
0.760651381556854 5489843.73160791 1082.08330644574 9695.18508564698
0.960529197001228 5489799.98102024 1111.22332775022 9709.79565200474
1.16626225681613 5489753.71872092 1142.03614471592 9725.24513436684
1.37584173656938 5489705.27292342 1174.30313228913 9741.42394428562
1.58795082119176 5489654.84918663 1207.88736103675 9758.26345233036
1.80173831966537 5489602.56770129 1242.7087614666 9775.72353724641
2.01665888138597 5489548.49046823 1278.72602130099 9793.78351046982
2.23236512488508 5489492.64019801 1315.92399693757 9812.43580505403
2.44863666254843 5489435.013101 1354.30519428802 9831.68170471426
2.66533411621533 5489375.58739976 1393.88409890529 9851.52850133571
2.88236960397491 5489314.32893261 1434.68344356539 9871.98762381955
3.09968790865755 5489251.19481282 1476.7317709462 9893.0734162328
3.31725450570949 5489186.13580117 1520.06185323958 9914.80234559429
3.53504796928949 5489119.09783241 1564.70967535422 9937.19249223203
3.75305516239632 5489050.02298713 1610.71378751375 9960.26322535287
3.97126819314738 5488978.85010061 1658.11489957415 9984.03499981428
4.18968248982855 5488905.51513433 1706.95563347952 10008.5292321949
4.40829558397727 5488829.9513919 1757.28037929215 10033.7682288081
4.62710634129779 5488752.08963292 1809.13521924225 10059.7751478328
4.84611447572952 5488671.85811937 1862.56789666103 10086.5739839639
5.06532024250736 5488589.1826172 1917.6278147602 10114.1895680417
5.28472424435515 5488503.98636773 1974.36605549736 10142.6475767699
5.50432730918159 5488416.19003845 2032.83541220308 10171.9745493505
5.72413041296651 5488325.71165913 2093.09043188186 10202.1979089884
5.94413463120893 5488232.4665475 2155.18746455546 10233.3459879464
6.16434110842883 5488136.36722672 2219.18471796539 10265.4480553091
6.38475103908252 5488037.32333651 2285.14231656891 10298.5343469219
6.60536565569555 5487935.24153866 2353.1223641662 10332.6360971743
6.82618622156229 5487830.02541781 2423.18900975945 10367.7855724306
7.04721402633684 5487721.57537759 2495.40851641721 10404.0161059934
7.26845038345717 5487609.78853242 2569.84933303092 10441.362134548
7.48989662873396 5487494.55859501 2646.58216892579 10479.8592360681
7.71155411968198 5487375.77575947 2725.68007133845 10519.5441691931
7.93342423532738 5487253.32658009 2807.21850580822 10560.4549141017
8.15550837632299 5487127.09384553 2891.27543955277 10602.6307149198
8.37780796526544 5486996.95644837 2977.93142791584 10646.11212371
8.60032444714754 5486862.78924992 3067.26970398814 10690.941046095
8.82305928990406 5486724.46293991 3159.3762715121 10737.1607885747
9.04601398502488 5486581.84389121 3254.34000119023 10784.8161075996
9.26919004821923 5486434.79400901 3352.252730524 10833.9532604667
9.49258902012131 5486283.17057457 3453.20936731741 10884.6200581107
9.71621246703126 5486126.82608315 3557.3079969857 10936.8659198633
9.94006198168825 5485965.60807592 3664.6499938167 10990.7419302597
10.164139184074 5485799.35896569 3775.34013633866 11046.3008979729
10.388445722246 5485627.91585608 3889.48672695531 11103.5974169626
10.6129832732005 5485451.11035406 4007.20171601592 11162.6879299272
10.8377535437656 5485268.76837535 4128.60083049538 11223.6307941511
11.0627582715254 5485080.70994268 4253.80370746685 11286.4863498479
11.2879992257758 5484886.74897634 4382.93403255743 11351.3169910973
11.513478208514 5484686.69307693 4516.1196835856 11418.1872394859
11.7391970554614 5484480.34329985 4653.49287958768 11487.1638205601
11.9651576371226 5484267.49392134 4795.19033544962 11558.3157432098
12.1913618598817 5484047.93219553 4941.35342237004 11631.7143821027
12.4178116671364 5483821.43810231 5092.12833438991 11707.4335632971
12.6445090404727 5483587.7840856 5247.66626123522 11785.549653167
12.8714560008818 5483346.73478149 5408.12356772933 11866.1416507769
13.0986546100197 5483098.0467361 5573.66198004339 11949.2912838531
13.3261069715129 5482841.46811243 5744.44877906515 12035.0831085046
13.5538152323107 5482576.73838597 5920.65700117894 12123.6046128509
13.7817815840878 5482303.58802851 6102.46564676296 12214.946324727
14.0100082646973 5482021.73817964 6290.05989672364 12309.2019236374
14.2384975596779 5481730.90030545 6483.63133740158 12406.468357146
14.4672518038168 5481430.77584391 6683.37819419871 12506.8459618909
14.6962733827711 5481121.05583628 6889.50557429258 12610.4385894288
14.9255647347497 5480801.42054406 7102.22571882024 12717.3537371178
15.155128352259 5480471.5390508 7321.75826493226 12827.7026842628
15.384966783915 5480131.06884811 7548.33051813603 12941.6006337542
15.6150826363242 5479779.65540519 7782.17773536696 13059.1668594462
15.8454785760366 5479416.93172122 8023.54341924713 13180.5248595293
16.0761573315753 5479042.51785982 8272.67962401275 13305.802516168
16.3071216955432 5478656.0204647 8529.84727361443 13435.1322616865
16.5383745268138 5478257.03225588 8795.31649251892 13568.6512515987
16.7699187528065 5477845.13150544 9069.36694976608 13706.5015447973
17.0017573718532 5477419.88149191 9352.28821686205 13848.8302912291
17.233893455658 5476980.82993248 9644.38014011771 13995.7899274037
17.4663301518559 5476527.50839183 9945.95322807173 14147.5383800996
17.6990706866744 5476059.43166668 10257.3290546689 14304.2392786508
17.9321183677022 5475576.09714488 10578.8406788981 14466.0621762178
18.1654765867715 5475076.9841379 10910.8330816288 14633.1827804689
18.3991488229581 5474561.55318545 11253.6636204241 14805.7831941197
18.6331386457043 5474029.24533105 11607.7025031453 14984.0521658036
18.8674497180731 5473479.48136702 11973.3332812064 15168.1853517725
19.1020858001361 5472911.66104766 12350.9533633807 15358.3855889532
19.3370507525052 5472325.16226897 12740.974551109 15554.8631799158
19.5723485400127 5471719.34021335 13143.8235963069 15757.8361903399
19.8079832355483 5471093.52645768 13559.9427827224 15967.5307595993
20.0439590240601 5470447.02804293 13989.7905319509 16184.1814251197
20.2802802067277 5469779.12650352 14433.8420352736 16408.0314612029
20.5169512053172 5469089.0768544 14892.5899125465 16639.3332330499
20.7539765667247 5468376.1065338 15366.5448994364 16878.3485667597
20.9913609677212 5467639.4142995 15856.2365643687 17125.3491361236
21.2291092199061 5466878.16907628 16362.2140566292 17380.6168670884
21.4672262748826 5466091.50875205 16885.0468871392 17644.444360808
21.7057172296637 5465278.53892022 17425.325743512 17917.1353362647
21.9445873323246 5464438.33156541 17983.6633410855 18199.0050934968
22.1838419879106 5463569.92368974 18560.6953117258 18490.380998536
22.4234867646166 5462672.31587647 19157.0811322981 18791.6029912243
22.6635274002527 5461744.47078803 19773.5050948092 19103.0241171569
22.9039698090092 5460785.31159458 20410.6773203469 19425.0110850716
23.1448200885408 5459793.72032984 21069.3348190637 19757.9448510959
23.3860845273841 5458768.53617006 21750.2425985867 20102.2212313479
23.6277696127292 5457708.55363213 22454.1948233799 20458.2515444896
23.869882038565 5456612.52068633 23182.0160277351 20826.4632859342
24.1124287142179 5455479.13677924 23934.5623852355 21207.3008355216
24.3554167733081 5454307.05076169 24712.7230377075 21601.2262006009
24.5988535831468 5453094.85871654 25517.4214868681 22008.7197965863
24.8427467546001 5451841.10168072 26349.617052073 22430.2812672003
25.0871041524464 5450544.26325544 27210.3063977925 22866.4303467635
25.3319339062583 5449202.76709826 28100.5251346701 23317.7077670648
25.5772444218382 5447814.97429021 29021.3494982724 23784.6762115169
25.8230443932432 5446379.18057059 29973.8981099074 24267.9213195011
26.0693428154342 5444893.61343181 30959.3338241796 24768.0527440119
26.316148997588 5443356.4290658 31978.8656682601 25285.7052659428
26.5634725771143 5441765.70915321 33033.750878192 25821.5399685977
26.8113235344215 5440119.4574858 34125.297037913 26376.2454762831
27.05971220848 5438415.5964118 35254.8643270706 26950.539261128
27.3086493132338 5436651.96309327 36423.8678841328 27545.1690225931
27.5581459549162 5434826.30556376 37633.7802917587 28160.9141444792
27.808213650329 5432936.27857349 38886.1341918901 28798.5872346182
28.0588643461504 5430979.43920858 40182.5250385711 29459.0357528445
28.3101104393407 5428953.24226962 41524.6139970877 30143.1437332889
28.5619647987206 5426855.03539381 42914.1309986611 30851.8336075317
28.8144407878045 5424682.05390369 44352.8779606222 31586.0681356872
29.0675522889752 5422431.41536417 45842.7321827531 32346.8524530778
29.3213137290975 5420100.11382789 47385.6499313074 33135.2362408062
29.575740106672 5417685.01374764 48983.6702231202 33952.3160292377
29.830847020643 5415182.84353261 50638.9188232054 34799.2376441881
30.0866507009813 5412590.18872322 52353.612470313 35677.1988064666
30.3431680411761 5409903.48475753 54130.0633460986 36587.451896371
30.6004166327794 5407119.00929937 55970.6838048495 37531.3068957747
30.8584148021612 5404232.87409627 57877.9913821319 38510.134521595
31.1171816496477 5401241.01633201 59854.6141022823 39525.3695657106
31.3767370912309 5398139.18943581 61903.2961063829 40578.5144578046
31.6371019030552 5394922.95330657 64026.9036242537 41671.1430691774
31.8982977689066 5391587.66390661 66228.43131608 42804.9047773128
32.1603473309531 5388128.46217548 68511.009011604 43981.5288129168
32.4232742440068 5384540.26220934 70877.9088773591 45202.8289133036
32.6871032336089 5380817.73864633 73332.5530452605 46470.70830841
32.9518601582646 5376955.31319258 75878.5217390059 47787.1650684086
33.217572076195 5372947.14021687 78519.5619382333 49154.2978448983
33.4842673170045 5368787.09133469 81259.5966242784 50574.3120410288
33.7519755587105 5364468.73889458 84102.7346557121 52049.5264497019
34.0207279106278 5359985.33827004 87053.2813266942 53582.3804032621
34.2905570026533 5355329.80885049 90115.7496666103 55175.4414828952
34.5614970815615 5350494.71361306 93294.8725455541 56831.4138413833
34.8335841149867 5345472.23714392 96595.6156570677 58553.1471990128
35.1068559038479 5340254.16196334 100023.191457261 60343.6465793961
35.3813522040628 5334831.84299197 103583.074148138 62206.0828598897
35.6571148584963 5329196.17997689 107281.015802802 64143.8042203047
35.9341879402059 5323337.58767475 111123.063741353 66160.3485838962
36.21261790818 5317245.96356464 115115.579278972 68259.4571563911
36.4924537769136 5310910.65283558 119265.257982109 70445.0891823069
36.7737473013435 5304320.41036152 123579.151585144 72721.438053334
37.0565531788643 5297463.35933983 128064.691738737 75092.9489214316
37.340929270378 5290326.94622735 132729.715782698 77564.3379899493
37.626936842599 5282897.89155891 137582.494761055 80140.6136800333
37.9146408341502 5275162.1361769 142631.763925704 82827.0998973953
38.2041101483449 5267104.78233484 147886.7560082 85629.4616569612
38.4954179759804 5258710.02906139 153357.237577774 88553.7333608344
38.7886421519603 5249961.10108195 159053.548848552 91606.3500695026
39.0838655501563 5240840.1704901 164986.647351326 94794.1821585781
39.3806368160859 5231345.83343956 171156.747517232 98118.4190432067
39.6786333267579 5221473.81351383 177565.891322685 101581.295163483
39.9776733036838 5211215.94019938 184218.599603098 105186.460197519
40.2776652351431 5200561.23130581 191121.155378273 108938.613315921
40.5785755259429 5189496.60060088 198281.132603018 112843.266796098
40.8804079280312 5178007.31318935 205707.089712104 116906.59709854
41.1831905276545 5166077.2722544 213408.372934697 121135.354810904
41.486967557651 5153689.1933481 221394.992390763 125536.814261135
41.7917942832748 5140824.70361265 229677.546334061 130118.750053291
42.0977338441691 5127464.39063347 238267.177225594 134889.432140935
42.4048553422062 5113587.81715787 247175.548867494 139857.633974631
42.7132327248877 5099173.51229032 256414.837500673 145032.650209009
43.0229441795049 5084198.9460541 265997.732191513 150424.321754382
43.3340718584502 5068640.49174846 275937.441424299 156043.066827244
43.6467018228777 5052473.37890149 286247.703858089 161899.917240416
43.9609241343627 5035671.63853849 296942.801886084 168006.559575429
44.2768330512269 5018208.04176233 308037.577075481 174375.381162186
44.5945273034551 5000054.03215491 319547.446847371 181019.520997715
44.9141104312374 4981179.65217143 331488.421932524 187952.925896045
45.2356911794073 4961553.46346069 343877.124244581 195190.412294724
45.5593839448778 4941142.46086644 356730.804869587 202747.734263971
45.8853092775178 4919911.97972396 370067.361894269 210641.658381766
46.2135944373695 4897825.59594616 383905.357793983 218890.046259859
46.5443740130611 4874845.01828232 398264.036079861 227511.94563782
46.8777906079741 4850929.9720231 413163.33686636 236527.691110543
47.2139956023723 4826038.0733098 428623.910965768 245959.015724431
47.5531500013975 4800124.6930802 444667.132044938 255829.174874857
47.8954253807148 4773142.80954126 461315.106289686 266163.084169054
48.2410049437301 4745042.84789659 478590.678911156 276987.473192251
48.5900847067996 4715772.50586778 496517.436691883 288331.057440335
48.9428748318266 4685276.5633269 515119.705601883 300224.731071219
49.2996011291994 4653496.67409585 534422.542309826 312701.783594319
49.6605067583415 4620371.13765638 554451.718162142 325798.144181478
50.0258541583924 4585834.64814118 575233.693892043 339552.657966778
50.3959272479739 4549818.01752716 596795.58293598 354007.399536859
50.7710339409292 4512247.86940659 619165.100757424 369208.029835987
51.1515090347564 4473046.29904721 642370.496981887 385204.203970907
51.5377175407355 4432130.49463631 666440.466399513 402050.03896418
51.9300585401644 4389412.31359476 691404.033948825 419804.652456411
52.3289696706243 4344797.80659072 717290.407599226 438532.78581005
52.734932371042 4298186.68030613 744128.791522931 458305.528170938
53.1484780462294 4249471.6880145 771948.149984213 479201.162001285
53.5701953529 4198537.93448241 800776.90983199 501306.155685605
54.0007388631589 4145262.07842686 830642.586163681 524716.335409458
54.4408394326765 4089511.41149212 861571.311359239 549538.277148643
54.8913166956955 4031142.78709374 893587.241877412 575890.971028844
55.3530942369572 3970001.36500448 926711.809409389 603907.825586127
55.8272181651807 3905919.12748415 960962.77239942 633739.100116428
56.3148800539727 3838713.10899486 996353.009395005 665554.881610131
56.8174455543125 3768183.26246017 1032888.97543102 699548.762108812
57.3364904645515 3694109.85812963 1070568.71402438 735942.427845985
57.8738467420556 3616250.27251357 1109379.27624103 774991.451245407
58.4316619719319 3534334.96835879 1149293.33817613 816992.693465086
59.0124773644396 3448062.38210281 1190264.71849188 862293.899405302
59.6193317574848 3357092.30559273 1232222.36077353 911306.33363374
60.2559029183447 3261037.14438466 1275062.13114832 964521.724467019
60.9267036884855 3159450.10207594 1318635.43608908 1022535.46183498
61.6373611139425 3051808.77809483 1362733.08910667 1086079.1327985
62.3950254315622 2937491.67621245 1407061.85537981 1156067.46840774
63.207125865082 2816020.74800966 1451112.44698733 1233487.80500302
64.0403660130138 2693124.60612044 1492200.18574458 1315296.20813498
64.8759674530318 2572224.34052227 1528888.97300007 1399507.68647766
65.7059573241709 2454976.94964669 1560595.57715563 1485048.47319768
66.5290428327762 2341943.09787412 1587199.20484273 1571478.69728316
67.3475835099203 2233098.09515473 1608776.12774415 1658746.77710111
68.1657607275589 2128150.33028299 1625451.11658882 1747019.55312819
68.9886159427675 2026715.65867989 1637325.09714479 1836580.24417531
69.8216281854408 1928402.64997976 1644444.33110343 1927774.01891681
70.6706059149281 1832848.1641574 1646789.12580641 2020983.71003619
71.54176534056 1739727.16605425 1644269.80095286 2116624.03299289
72.4419358015022 1648749.90784253 1636723.35813178 2215147.73402569
73.3669633310102 1560750.65160088 1624101.68216103 2315768.66623809
74.3038628503988 1477170.84696606 1606711.17233345 2416738.98070049
75.2471393112332 1398488.27595635 1584972.73222167 2517159.99182198
76.1960307292718 1324654.87168375 1559293.87189084 2616672.25642541
77.152600991656 1255373.72511142 1530016.4754058 2715230.79948278
78.1205917040627 1190254.03291931 1497404.39466185 2812962.57241884
79.104820176102 1128889.27875724 1461647.29761328 2910084.42362949
80.1109428288319 1070891.81808668 1422868.38326176 3006860.79865156
81.1454703518349 1015904.23404718 1381130.21475231 3103586.55120051
82.2159857420416 963598.694261656 1336435.93253599 3200586.37320236
83.3315786414641 913669.758280584 1288723.75225937 3298227.48946005
84.5035882842016 865822.315028914 1237851.40328491 3396947.28168617
85.7468902613474 819753.024128336 1183563.15892653 3497304.81694513
87.0823032993732 775118.341202044 1125421.27572913 3600081.38306882
88.5417115280691 731467.641343027 1062649.9711754 3706503.38748157
90 692580.41968563 1001245.40585348 3806795.17446089
