0 143.208234119677
0.1 140.756077081282
0.2 138.34590836973
0.3 135.977009018185
0.4 133.648672370689
0.5 131.36020387137
0.6 129.110920857245
0.7 126.900152354581
0.8 124.727238878742
0.9 122.591532237457
1 120.492395337461
1.1 118.429201994451
1.2 116.401336746287
1.3 114.408194669397
1.4 112.449181198326
1.5 110.523711948375
1.6 108.631212541271
1.7 106.771118433834
1.8 104.942874749563
1.9 103.145936113118
2 101.379766487632
2.1 99.643839014804
2.2 97.9376358577375
2.3 96.2606480464662
2.4 94.6123753261252
2.5 92.9923260077221
2.6 91.4000168214636
2.7 89.8349727725933
2.8 88.296726999698
2.9 86.7848206354405
3 85.2988026696771
3.1 83.8382298149181
3.2 82.4026663740933
3.3 80.9916841105808
3.4 79.6048621204618
3.5 78.2417867069624
3.6 76.9020512570455
3.7 75.5852561201162
3.8 74.2910084888033
3.9 73.0189222817834
4 71.7686180286096
4.1 70.5397227565143
4.2 69.3318698791489
4.3 68.1446990872292
4.4 66.9778562410528
4.5 65.8309932648576
4.6 64.7037680429888
4.7 63.5958443178436
4.8 62.5068915895641
4.9 61.4365850174469
5 60.3846053230417
5.1 59.3506386949085
5.2 58.3343766950058
5.3 57.3355161666821
5.4 56.3537591442424
5.5 55.3888127640634
5.6 54.4403891772306
5.7 53.5082054636714
5.8 52.5919835477583
5.9 51.6914501153577
5.99999999999999 50.8063365322984
6.09999999999999 49.936378764237
6.19999999999999 49.0813172978943
6.29999999999999 48.2408970636417
6.39999999999999 47.4148673594121
6.49999999999999 46.602981775914
6.59999999999999 45.8049981231268
6.69999999999999 45.0206783580533
6.79999999999999 44.2497885137111
6.89999999999999 43.492098629338
6.99999999999999 42.747382681794
7.09999999999999 42.0154185181374
7.19999999999999 41.2959877893548
7.29999999999999 40.5888758852268
7.39999999999999 39.8938718703086
7.49999999999999 39.2107684210064
7.59999999999999 38.5393617637319
7.69999999999999 37.8794516141156
7.79999999999999 37.2308411172603
7.89999999999999 36.5933367890191
7.99999999999999 35.966748458277
8.09999999999999 35.3508892102224
8.19999999999999 34.7455753305892
8.29999999999999 34.150626250854
8.39999999999999 33.565864494371
8.49999999999999 32.9911156234302
8.59999999999999 32.4262081872216
8.69999999999999 31.87097367069
8.79999999999998 31.3252464442667
8.89999999999998 30.7888637144609
8.99999999999998 30.2616654752973
9.09999999999998 29.7434944605859
9.19999999999998 29.2341960970082
9.29999999999998 28.7336184580072
9.39999999999998 28.2416122184673
9.49999999999998 27.758030610169
9.59999999999998 27.2827293780077
9.69999999999998 26.8155667369614
9.79999999999998 26.3564033297954
9.89999999999998 25.9051021854915
9.99999999999998 25.4615286783884
10.1 25.0255504880223
10.2 24.597037559655
10.3 24.1758620654779
10.4 23.7618983664799
10.5 23.3550229749692
10.6 22.9551145177355
10.7 22.5620536998442
10.8 22.17572326905
10.9 21.7960079808197
11 21.4227945639541
11.1 21.0559716867988
11.2 20.6954299240333
11.3 20.3410617240286
11.4 19.9927613767641
11.5 19.6504249822937
11.6 19.313950419752
11.7 18.9832373168906
11.8 18.6581870201371
11.9 18.3387025651657
12 18.0246886479727
12.1 17.7160515964462
12.2 17.4126993424236
12.3 17.1145413942269
12.4 16.8214888096688
12.5 16.5334541695206
12.6 16.2503515514344
12.7 15.9720965043122
12.8 15.6986060231137
12.9 15.4297985240951
13 15.1655938204726
13.1 14.9059130985021
13.2 14.6506788939685
13.3 14.3998150690777
13.4 14.1532467897445
13.5 13.9109005032689
13.6 13.6727039163953
13.7 13.4385859737463
13.8 13.2084768366274
13.9 12.9823078621929
14 12.7600115829699
14.1 12.5415216867322
14.2 12.326772996719
14.3 12.1157014521921
14.4 11.9082440893266
14.5 11.7043390224282
14.6 11.5039254254723
14.7 11.3069435139597
14.8 11.1133345270817
14.9 10.9230407101922
15 10.736005297579
15.1 10.55217249553
15.2 10.3714874656898
15.3 10.1938963087011
15.4 10.0193460481262
15.5 9.84778461464396
15.6 9.67916083051698
15.7 9.51342439432518
15.8 9.35052586596058
15.9 9.19041665187897
16 9.03304899060427
16.1 8.87837593848094
16.2 8.72635135567046
16.3 8.57692989238757
16.4 8.43006697537214
16.5 8.28571879459274
16.6 8.14384229017785
16.7 8.00439513957089
16.8 7.8673357449051
16.9 7.73262322059474
17 7.60021738113863
17.1 7.47007872913262
17.2 7.34216844348728
17.3 7.21644836784737
17.4 7.09288099920955
17.5 6.97142947673509
17.6 6.85205757075398
17.7 6.73472967195749
17.8 6.6194107807757
17.9 6.50606649693692
18 6.39466300920589
18.1 6.28516708529771
18.2 6.17754606196447
18.3 6.07176783525161
18.4 5.96780085092113
18.5 5.86561409503878
18.6 5.76517708472244
18.7 5.66645985904891
18.8 5.56943297011638
18.9 5.47406747425997
19 5.38033492341766
19.1 5.2882073566441
19.2 5.19765729176966
19.3 5.10865771720239
19.4 5.02118208387028
19.5 4.93520429730153
19.6 4.85069870984044
19.7 4.76764011299654
19.8 4.6860037299248
19.9 4.60576520803449
solution x      4.96     -0.173 
N0=143.208234119677
lambda=-0.17271311200262
The half life time calculated via the fitting function is ln(2)/lambda= 4.01328638296686 days
The actual half life time is 3.6 days.
