101 0.0101815600836572
101.5 0.0106014410193697
102 0.0110478359121074
102.5 0.0115230245410908
103 0.0120295370344912
103.5 0.0125701875909127
104 0.0131481136202804
104.5 0.0137668213226009
105 0.014430238943495
105.5 0.0151427792201404
106 0.0159094128753761
106.5 0.0167357554509827
107 0.0176281703196275
107.5 0.0185938914132614
108 0.0196411701001346
108.5 0.0207794517953578
109 0.0220195893855671
109.5 0.0233741025023362
110 0.024857494250881
110.5 0.0264866404120881
111 0.0282812706984206
111.5 0.0302645677996435
112 0.0324639183359336
112.5 0.0349118613620184
113 0.0376472960836046
113.5 0.0407170329580758
114 0.044177804369938
114.5 0.048098897204937
115 0.0525656370469542
115.5 0.057684053679078
116 0.0635872082354622
116.5 0.0704438934842927
117 0.0784707801767371
117.5 0.0879496596549293
118 0.0992523763533429
118.5 0.11287762555402
119 0.129506519691013
119.5 0.15008868216389
120 0.175979582567131
120.5 0.209167017958802
121 0.252659189105592
121.5 0.311179982086211
122 0.392481759067925
122.5 0.509984179946352
123 0.688495458137361
123.5 0.977822101104605
124 1.48906875852914
124.5 2.50575290705697
125 4.87225258586544
125.5 11.1052695801156
126 18.6943676239466
126.5 10.4626595001835
127 4.62309781417307
127.5 2.40573370471469
128 1.44158010460512
128.5 0.952077943014674
129 0.673116777372699
129.5 0.500110098510627
130 0.385782476482824
130.5 0.306433554966755
131 0.249177260665048
131.5 0.206538785077539
132 0.173947977676733
132.5 0.148486344107362
133 0.1282207759899
133.5 0.111830411687336
134 0.0983882436516306
134.5 0.087228357687691
135 0.077862525720629
135.5 0.0699262703786325
136 0.0631430866334799
136.5 0.0573001632693277
137 0.0522315697008644
137.5 0.0478063975820754
138 0.0439202573188167
138.5 0.0404890877533139
139 0.0374445873210471
139.5 0.0347307991253397
140 0.0323015286728623
140.5 0.0301183701881345
141 0.0281491830207659
141.5 0.0263669046028961
142 0.0247486176363522
142.5 0.023274811158994
143 0.021928790785289
143.5 0.0206962046830917
144 0.019564660047631
144.5 0.0185234108590355
145 0.0175631021786649
145.5 0.0166755595830069
146 0.0158536148559641
146.5 0.0150909609775811
147 0.0143820309154328
147.5 0.0137218958570143
148 0.0131061794002512
148.5 0.012530984905649
149 0.0119928337529584
149.5 0.0114886126714593
150 0.0110155286516149
150.5 0.0105710702163227
151 0.0101529740470723
151.5 0.00975919613539075
152 0.00938788677177491
152.5 0.0090373687997062
153 0.00870611865661733
153.5 0.00839274980102213
154 0.00809599818870412
154.5 0.00781470951349925
155 0.00754782797187082
155.5 0.0072943863468176
156 0.00705349723700542
156.5 0.00682434528243854
157 0.00660618025935383
157.5 0.00639831093502989
158 0.00620009958842588
158.5 0.0060109571154686
159 0.00583033864877282
